analysis/maxent/LEH/2014_2/crw.asc
ncols         24
nrows         22
xllcorner     -163.028494180372
yllcorner     19.3009582783358
cellsize      0.25
NODATA_value  -9999
-9999 -9999 -9999 -9999 -9999 -9999 -9999 -9999 -9999 -9999 -9999 -9999 -9999 -9999 -9999 -9999 -9999 -9999 -9999 -9999 -9999 -9999 -9999 -9999
-9999 -9999 -9999 -9999 -9999 -9999 -9999 -9999 -9999 -9999 -9999 -9999 -9999 -9999 -9999 -9999 -9999 -9999 -9999 -9999 -9999 -9999 -9999 -9999
-9999 -9999 -9999 -9999 -9999 1.10966E-1 1.28472E-1 1.70984E-1 2.12545E-1 2.79811E-1 2.19322E-1 2.13496E-1 1.86393E-1 1.63276E-1 1.45742E-1 1.67672E-1 1.28161E-1 1.43045E-1 9.95226E-2 8.82411E-2 8.38875E-2 8.03416E-2 -9999 -9999
-9999 -9999 -9999 -9999 -9999 1.24828E-1 1.24499E-1 1.74474E-1 2.70569E-1 3.14522E-1 3.10608E-1 2.92064E-1 2.77533E-1 2.40839E-1 1.47893E-1 1.48515E-1 1.42984E-1 1.31472E-1 1.06732E-1 9.18516E-2 8.73714E-2 8.34246E-2 8.08129E-2 -9999
-9999 -9999 -9999 -9999 -9999 1.34743E-1 1.36628E-1 1.49246E-1 3.10592E-1 3.44446E-1 3.36252E-1 3.9469E-1 3.78879E-1 3.65555E-1 2.65506E-1 2.15576E-1 1.82564E-1 1.6348E-1 1.18563E-1 9.50979E-2 9.13487E-2 8.82672E-2 8.66601E-2 -9999
-9999 -9999 -9999 -9999 -9999 1.21688E-1 1.48796E-1 1.5619E-1 3.42486E-1 3.66735E-1 3.60406E-1 4.1702E-1 4.16001E-1 4.0026E-1 3.73834E-1 2.85572E-1 2.22029E-1 1.48367E-1 1.01251E-1 9.84309E-2 9.618E-2 9.32726E-2 9.18916E-2 -9999
-9999 -9999 -9999 -9999 -9999 9.67425E-2 1.58853E-1 1.92959E-1 2.0191E-1 3.08766E-1 4.51502E-1 4.52789E-1 4.49458E-1 4.28242E-1 3.94625E-1 3.73942E-1 3.43269E-1 2.65136E-1 1.38065E-1 1.25783E-1 1.08954E-1 9.8033E-2 9.57222E-2 -9999
-9999 -9999 -9999 -9999 -9999 1.5343E-1 1.90064E-1 1.69574E-1 2.44074E-1 4.12189E-1 5.63853E-1 6.18289E-1 5.47637E-1 3.19353E-1 2.50826E-1 2.1368E-1 1.62509E-1 2.70823E-1 3.15536E-1 2.47394E-1 1.8751E-1 1.40557E-1 1.19756E-1 -9999
-9999 -9999 -9999 -9999 -9999 2.72678E-1 2.51353E-1 1.66362E-1 2.63571E-1 4.33192E-1 7.2902E-1 8.44122E-1 5.79483E-1 6.05546E-1 4.57728E-1 2.80578E-1 1.84071E-1 1.95638E-1 3.93146E-1 3.55871E-1 3.01622E-1 2.59242E-1 1.99239E-1 -9999
-9999 -9999 -9999 -9999 -9999 2.93331E-1 3.5205E-1 3.08893E-1 5.85788E-1 8.73806E-1 9.43521E-1 9.44619E-1 9.05166E-1 7.02002E-1 3.52953E-1 2.45773E-1 2.76652E-1 2.42982E-1 4.16299E-1 4.02738E-1 4.03095E-1 3.89934E-1 3.24058E-1 -9999
-9999 -9999 -9999 -9999 -9999 3.73333E-1 3.79725E-1 5.24774E-1 8.32354E-1 9.58586E-1 9.67399E-1 9.75731E-1 8.82636E-1 5.29281E-1 2.58843E-1 2.83487E-1 2.52753E-1 1.67663E-1 1.65763E-1 1.75516E-1 2.44344E-1 2.96364E-1 1.86772E-1 -9999
-9999 -9999 -9999 -9999 -9999 4.05307E-1 3.8403E-1 4.28627E-1 6.56399E-1 8.94343E-1 8.90932E-1 9.56751E-1 8.8851E-1 6.0151E-1 4.13017E-1 3.24524E-1 1.77316E-1 1.12196E-1 1.4286E-1 1.27038E-1 1.28386E-1 1.54106E-1 1.54078E-1 -9999
-9999 -9999 -9999 -9999 -9999 3.98739E-1 5.01112E-1 4.81523E-1 5.75083E-1 5.16068E-1 7.5956E-1 8.48961E-1 8.62249E-1 7.14943E-1 5.15885E-1 3.20664E-1 1.91045E-1 1.11596E-1 8.54827E-2 6.73601E-2 6.45975E-2 9.2362E-2 1.26347E-1 -9999
-9999 -9999 -9999 -9999 -9999 3.78928E-1 4.27221E-1 3.85979E-1 4.37055E-1 5.52636E-1 8.00252E-1 8.52154E-1 8.70051E-1 7.21244E-1 4.34262E-1 3.43131E-1 2.55934E-1 1.73218E-1 1.05951E-1 6.74104E-2 5.54552E-2 5.7233E-2 7.33626E-2 -9999
-9999 -9999 -9999 -9999 -9999 3.69226E-1 3.9188E-1 3.79981E-1 3.85341E-1 4.55479E-1 5.80199E-1 5.27946E-1 4.7499E-1 4.0666E-1 3.3378E-1 3.17722E-1 6.23488E-1 2.49655E-1 1.54212E-1 8.18097E-2 5.49956E-2 5.05372E-2 4.9232E-2 -9999
-9999 -9999 -9999 -9999 -9999 3.24752E-1 3.75134E-1 5.06469E-1 5.68993E-1 6.28651E-1 5.17652E-1 4.58881E-1 4.65874E-1 4.99481E-1 3.56517E-1 3.28823E-1 2.49023E-1 2.34325E-1 2.20233E-1 1.40606E-1 7.6611E-2 5.76045E-2 6.6824E-2 -9999
-9999 -9999 -9999 -9999 -9999 5.71098E-1 5.64927E-1 5.95086E-1 6.03219E-1 5.48675E-1 4.70225E-1 4.0471E-1 3.68469E-1 3.50583E-1 2.74109E-1 2.50446E-1 2.40069E-1 2.32557E-1 2.23588E-1 1.87914E-1 1.64579E-1 1.34156E-1 1.2991E-1 -9999
-9999 -9999 -9999 -9999 -9999 5.49562E-1 5.21207E-1 5.08379E-1 4.90984E-1 4.37007E-1 3.58548E-1 3.46996E-1 3.09412E-1 2.93667E-1 2.62476E-1 2.06335E-1 1.99293E-1 1.95629E-1 1.95255E-1 2.02543E-1 2.44469E-1 2.03219E-1 1.69497E-1 -9999
-9999 -9999 -9999 -9999 -9999 6.30858E-1 5.81902E-1 4.68345E-1 4.32346E-1 4.01965E-1 3.5128E-1 2.85848E-1 2.51789E-1 2.55233E-1 2.19863E-1 2.12226E-1 2.06169E-1 2.01726E-1 1.95912E-1 1.89609E-1 1.87714E-1 1.84337E-1 1.75256E-1 -9999
-9999 -9999 -9999 -9999 -9999 6.87861E-1 5.68871E-1 3.61794E-1 3.36561E-1 3.70587E-1 3.73953E-1 3.20204E-1 2.59844E-1 2.32198E-1 2.25486E-1 2.19505E-1 2.14207E-1 2.06805E-1 2.00116E-1 1.93323E-1 1.88424E-1 1.82417E-1 1.8285E-1 -9999
-9999 -9999 -9999 -9999 -9999 7.10051E-1 6.53573E-1 6.08786E-1 6.72364E-1 6.47775E-1 6.15568E-1 4.7149E-1 3.53296E-1 2.54266E-1 2.33648E-1 2.27133E-1 2.18405E-1 2.13529E-1 2.06518E-1 2.00683E-1 1.94454E-1 1.89655E-1 -9999 -9999
-9999 -9999 -9999 -9999 -9999 6.98917E-1 6.77063E-1 6.84821E-1 6.88661E-1 7.02045E-1 6.66295E-1 5.94414E-1 4.73426E-1 3.55268E-1 2.48403E-1 2.33212E-1 2.21832E-1 2.17378E-1 2.1038E-1 2.02113E-1 1.95717E-1 -9999 -9999 -9999
