analysis/maxent/LEH/2014_2/crw.asc
ncols         24
nrows         22
xllcorner     -163.028494180372
yllcorner     19.3009582783358
cellsize      0.25
NODATA_value  -9999
-9999 -9999 -9999 -9999 -9999 -9999 -9999 -9999 -9999 -9999 -9999 -9999 -9999 -9999 -9999 -9999 -9999 -9999 -9999 -9999 -9999 -9999 -9999 -9999
-9999 -9999 -9999 -9999 -9999 -9999 -9999 -9999 -9999 -9999 -9999 -9999 -9999 -9999 -9999 -9999 -9999 -9999 -9999 -9999 -9999 -9999 -9999 -9999
-9999 -9999 -9999 -9999 -9999 2.10217E-1 2.50136E-1 3.35434E-1 4.17773E-1 5.26058E-1 4.63385E-1 4.7197E-1 4.37959E-1 4.03286E-1 3.70738E-1 4.21462E-1 3.40431E-1 3.84492E-1 2.84943E-1 2.62787E-1 2.61552E-1 2.61835E-1 -9999 -9999
-9999 -9999 -9999 -9999 -9999 2.31162E-1 2.37139E-1 3.34149E-1 5.05713E-1 5.56283E-1 5.6591E-1 5.7744E-1 5.74458E-1 5.30457E-1 3.62155E-1 3.65545E-1 3.54829E-1 3.33108E-1 2.83536E-1 2.56829E-1 2.52651E-1 2.52331E-1 2.54451E-1 -9999
-9999 -9999 -9999 -9999 -9999 2.2468E-1 2.32427E-1 2.61288E-1 5.25211E-1 5.44925E-1 5.52448E-1 6.51922E-1 6.63181E-1 6.69997E-1 5.59614E-1 4.74254E-1 4.13437E-1 3.77978E-1 2.91771E-1 2.45608E-1 2.44593E-1 2.45456E-1 2.48569E-1 -9999
-9999 -9999 -9999 -9999 -9999 1.6259E-1 2.13767E-1 2.45334E-1 5.29209E-1 5.24637E-1 5.2999E-1 6.34786E-1 6.34826E-1 6.34289E-1 6.33139E-1 5.41181E-1 4.52291E-1 3.20191E-1 2.31687E-1 2.33548E-1 2.36618E-1 2.38169E-1 2.41633E-1 -9999
-9999 -9999 -9999 -9999 -9999 7.66666E-2 1.81917E-1 2.68002E-1 3.01053E-1 4.44672E-1 6.09457E-1 6.05346E-1 5.94343E-1 5.96577E-1 5.97129E-1 5.86132E-1 5.92049E-1 5.06161E-1 2.93755E-1 2.94971E-1 2.50611E-1 2.30077E-1 2.33502E-1 -9999
-9999 -9999 -9999 -9999 -9999 6.86456E-2 1.32376E-1 1.77242E-1 2.90229E-1 4.80283E-1 6.3847E-1 6.75524E-1 6.91566E-1 4.60252E-1 3.84096E-1 3.39932E-1 2.75561E-1 4.84234E-1 5.68797E-1 4.77706E-1 3.8432E-1 3.11389E-1 2.86815E-1 -9999
-9999 -9999 -9999 -9999 -9999 8.86946E-2 9.9672E-2 9.74109E-2 2.36014E-1 4.3989E-1 7.54338E-1 8.31957E-1 5.77144E-1 6.68529E-1 5.76733E-1 4.04886E-1 2.82205E-1 3.19516E-1 5.51557E-1 5.75102E-1 5.53171E-1 4.9665E-1 4.19294E-1 -9999
-9999 -9999 -9999 -9999 -9999 7.72789E-2 1.31488E-1 1.33551E-1 3.51034E-1 6.12438E-1 7.08265E-1 6.72977E-1 6.22651E-1 5.60239E-1 4.06609E-1 3.29618E-1 3.80996E-1 3.56043E-1 5.09595E-1 5.45307E-1 5.43321E-1 5.70247E-1 5.5563E-1 -9999
-9999 -9999 -9999 -9999 -9999 1.4326E-1 1.37767E-1 1.8495E-1 3.7037E-1 5.67935E-1 6.2033E-1 6.17359E-1 4.55337E-1 2.89899E-1 2.28789E-1 3.23555E-1 3.26721E-1 2.46837E-1 2.51907E-1 2.71628E-1 3.76908E-1 4.80445E-1 3.09022E-1 -9999
-9999 -9999 -9999 -9999 -9999 1.41674E-1 1.30375E-1 1.38491E-1 2.34821E-1 3.87659E-1 4.38076E-1 5.98035E-1 5.41422E-1 3.31995E-1 2.44324E-1 3.01448E-1 2.07071E-1 1.3858E-1 1.89767E-1 1.83522E-1 2.06161E-1 2.59086E-1 2.69941E-1 -9999
-9999 -9999 -9999 -9999 -9999 1.34934E-1 1.59846E-1 1.4994E-1 1.9022E-1 1.73286E-1 3.49528E-1 5.46548E-1 6.40236E-1 5.08034E-1 4.02561E-1 2.93873E-1 1.99392E-1 1.22302E-1 9.67954E-2 7.4967E-2 7.90087E-2 1.31383E-1 2.01978E-1 -9999
-9999 -9999 -9999 -9999 -9999 1.25655E-1 1.29624E-1 1.1352E-1 1.33752E-1 2.15314E-1 4.47321E-1 5.84982E-1 6.64596E-1 5.55879E-1 3.47528E-1 2.86228E-1 2.27899E-1 1.7239E-1 1.07369E-1 6.51853E-2 5.51075E-2 7.04051E-2 1.00444E-1 -9999
-9999 -9999 -9999 -9999 -9999 1.12654E-1 1.19688E-1 1.16598E-1 1.09383E-1 1.57553E-1 2.88102E-1 3.37627E-1 3.34501E-1 2.91519E-1 2.50265E-1 2.49384E-1 5.30324E-1 2.1762E-1 1.5362E-1 7.98832E-2 5.18195E-2 5.07227E-2 5.45889E-2 -9999
-9999 -9999 -9999 -9999 -9999 8.7407E-2 1.07242E-1 1.62326E-1 1.93415E-1 2.33571E-1 2.41844E-1 2.79088E-1 3.22286E-1 3.57192E-1 2.61995E-1 2.68969E-1 2.07392E-1 2.10868E-1 2.11073E-1 1.37868E-1 6.93943E-2 4.91249E-2 6.35907E-2 -9999
-9999 -9999 -9999 -9999 -9999 1.81532E-1 1.80158E-1 2.11178E-1 1.95805E-1 1.91117E-1 2.21182E-1 2.44109E-1 2.47607E-1 2.36456E-1 2.07421E-1 1.96981E-1 1.99484E-1 2.0171E-1 2.10115E-1 1.70947E-1 1.564E-1 1.25018E-1 1.22036E-1 -9999
-9999 -9999 -9999 -9999 -9999 1.67777E-1 1.54955E-1 1.46646E-1 1.34636E-1 1.38611E-1 1.55086E-1 2.07647E-1 2.09296E-1 2.06604E-1 1.9503E-1 1.54088E-1 1.55071E-1 1.57266E-1 1.61519E-1 1.78305E-1 2.23896E-1 1.90403E-1 1.66834E-1 -9999
-9999 -9999 -9999 -9999 -9999 1.97196E-1 1.68621E-1 1.2116E-1 1.09603E-1 1.19895E-1 1.41817E-1 1.57776E-1 1.61441E-1 1.82228E-1 1.48382E-1 1.51404E-1 1.5318E-1 1.55822E-1 1.59209E-1 1.61664E-1 1.65288E-1 1.7009E-1 1.71854E-1 -9999
-9999 -9999 -9999 -9999 -9999 1.8567E-1 1.49729E-1 8.25125E-2 7.7175E-2 9.77659E-2 1.30697E-1 1.52803E-1 1.50211E-1 1.4293E-1 1.42205E-1 1.43664E-1 1.47917E-1 1.52279E-1 1.55701E-1 1.58198E-1 1.60649E-1 1.62843E-1 1.69554E-1 -9999
-9999 -9999 -9999 -9999 -9999 1.35677E-1 1.81682E-1 1.64538E-1 1.8559E-1 1.88647E-1 2.1082E-1 1.9235E-1 1.77752E-1 1.4425E-1 1.37727E-1 1.39622E-1 1.41469E-1 1.45572E-1 1.50621E-1 1.5506E-1 1.58212E-1 1.60388E-1 -9999 -9999
-9999 -9999 -9999 -9999 -9999 1.14432E-1 1.03289E-1 1.11739E-1 1.13149E-1 1.44349E-1 1.91633E-1 2.19378E-1 2.04597E-1 1.81597E-1 1.39609E-1 1.37443E-1 1.4001E-1 1.44156E-1 1.48207E-1 1.53832E-1 1.57607E-1 -9999 -9999 -9999
