analysis/maxent/LEH/2014_2/d2c.asc
ncols         24
nrows         22
xllcorner     -163.028494180372
yllcorner     19.3009582783358
cellsize      0.25
NODATA_value  -9999
-9999 -9999 -9999 -9999 -9999 1.23336E-1 1.60678E-1 1.24409E-1 1.17798E-1 2.02695E-1 1.85459E-1 1.43207E-1 1.5923E-1 1.78818E-1 1.99309E-1 2.14409E-1 1.80478E-1 1.94779E-1 1.54457E-1 1.36954E-1 1.36076E-1 1.11808E-1 1.2838E-1 1.13531E-1
-9999 -9999 -9999 -9999 -9999 8.09454E-2 9.61854E-2 1.3346E-1 8.84003E-2 1.38131E-1 1.43262E-1 1.39989E-1 1.40463E-1 1.64749E-1 1.50816E-1 1.46606E-1 1.43623E-1 1.59016E-1 1.30947E-1 1.1149E-1 1.00399E-1 1.01034E-1 1.0941E-1 1.06681E-1
-9999 -9999 -9999 -9999 -9999 6.32152E-2 8.44777E-2 1.12877E-1 1.41337E-1 1.76096E-1 1.88846E-1 2.022E-1 1.85112E-1 1.58339E-1 1.30365E-1 1.49259E-1 1.20539E-1 1.36957E-1 9.83908E-2 8.59452E-2 8.59733E-2 9.09658E-2 9.60613E-2 9.60428E-2
-9999 -9999 -9999 -9999 -9999 6.8523E-2 7.61046E-2 1.46113E-1 2.79502E-1 3.27544E-1 3.70352E-1 4.17829E-1 4.25065E-1 3.65963E-1 2.22082E-1 1.84851E-1 1.38291E-1 1.17431E-1 9.79558E-2 8.98653E-2 8.31276E-2 8.21299E-2 8.41062E-2 7.7955E-2
-9999 -9999 -9999 -9999 -9999 6.92556E-2 1.17335E-1 2.0196E-1 4.70106E-1 4.65529E-1 4.97304E-1 5.08257E-1 5.19062E-1 5.11535E-1 5.03233E-1 3.91891E-1 2.67552E-1 1.77714E-1 1.01206E-1 8.43542E-2 8.12197E-2 7.99605E-2 7.98719E-2 8.04098E-2
-9999 -9999 -9999 -9999 -9999 6.15966E-2 1.50592E-1 2.54606E-1 5.60821E-1 5.39143E-1 5.67952E-1 5.94486E-1 5.62406E-1 5.38573E-1 5.26403E-1 5.09664E-1 4.18571E-1 2.37596E-1 1.05683E-1 7.36189E-2 7.85196E-2 7.71193E-2 7.61817E-2 7.55197E-2
-9999 -9999 -9999 -9999 -9999 4.93508E-2 1.36364E-1 2.49247E-1 3.53316E-1 5.61398E-1 6.55908E-1 6.59357E-1 6.18652E-1 5.91843E-1 5.66691E-1 5.14412E-1 4.91333E-1 3.96709E-1 1.70004E-1 1.06395E-1 8.2391E-2 7.58757E-2 7.46601E-2 7.33565E-2
-9999 -9999 -9999 -9999 -9999 5.30599E-2 1.22412E-1 1.45443E-1 2.12772E-1 3.99573E-1 7.18157E-1 7.158E-1 7.93984E-1 5.48697E-1 4.27225E-1 4.02698E-1 3.18734E-1 4.45896E-1 4.31415E-1 2.40986E-1 1.17427E-1 8.90441E-2 8.14532E-2 7.48324E-2
-9999 -9999 -9999 -9999 -9999 8.41492E-2 1.23122E-1 1.03552E-1 1.66669E-1 4.40231E-1 8.97804E-1 9.25876E-1 6.87823E-1 5.10995E-1 3.41817E-1 2.79308E-1 2.62766E-1 3.5438E-1 4.11416E-1 3.62713E-1 2.21965E-1 1.52225E-1 1.27414E-1 8.98633E-2
-9999 -9999 -9999 -9999 -9999 1.06212E-1 1.65545E-1 2.0018E-1 3.0304E-1 5.57932E-1 7.3862E-1 7.82088E-1 6.78335E-1 4.48599E-1 3.20819E-1 2.6794E-1 2.83168E-1 4.04744E-1 3.83564E-1 3.55506E-1 2.03904E-1 1.43064E-1 1.72283E-1 9.47E-2
-9999 -9999 -9999 -9999 -9999 1.63878E-1 1.99252E-1 2.31874E-1 3.3848E-1 5.47438E-1 6.77814E-1 6.51715E-1 5.02848E-1 3.39899E-1 2.41459E-1 2.24881E-1 2.61585E-1 2.33434E-1 2.42306E-1 2.10103E-1 1.79623E-1 1.30478E-1 8.5554E-2 5.44507E-2
-9999 -9999 -9999 -9999 -9999 1.66408E-1 1.92901E-1 2.14638E-1 2.98716E-1 3.76608E-1 5.13504E-1 6.30269E-1 5.59662E-1 3.53824E-1 2.14742E-1 2.01035E-1 1.90809E-1 1.17938E-1 1.10833E-1 8.89123E-2 5.69673E-2 4.43412E-2 5.09373E-2 5.2775E-2
-9999 -9999 -9999 -9999 -9999 1.57485E-1 1.86774E-1 2.0069E-1 2.29179E-1 2.31301E-1 4.03371E-1 5.37739E-1 5.99824E-1 4.33188E-1 2.80026E-1 2.51243E-1 2.00246E-1 1.01275E-1 6.9189E-2 4.80693E-2 2.80975E-2 2.17393E-2 3.09889E-2 4.59383E-2
-9999 -9999 -9999 -9999 -9999 1.40553E-1 1.66661E-1 1.80697E-1 1.86342E-1 2.32106E-1 4.1449E-1 5.8441E-1 5.68405E-1 3.95526E-1 2.59531E-1 2.83353E-1 2.81068E-1 1.22829E-1 6.44604E-2 3.70401E-2 2.01024E-2 1.57887E-2 1.75286E-2 2.11038E-2
-9999 -9999 -9999 -9999 -9999 1.07646E-1 1.37405E-1 1.60185E-1 1.73134E-1 2.48407E-1 3.30538E-1 4.41016E-1 4.0954E-1 3.21966E-1 2.54768E-1 2.70525E-1 4.04002E-1 1.50849E-1 7.43003E-2 3.46497E-2 1.60382E-2 1.40635E-2 1.47888E-2 1.47449E-2
-9999 -9999 -9999 -9999 -9999 8.74482E-2 1.31826E-1 1.83092E-1 2.43125E-1 3.41823E-1 3.56843E-1 4.13981E-1 4.4198E-1 4.10154E-1 3.33781E-1 3.08544E-1 2.09574E-1 1.48552E-1 9.74673E-2 4.01176E-2 1.49919E-2 1.29586E-2 1.48923E-2 1.45249E-2
-9999 -9999 -9999 -9999 -9999 1.19344E-1 1.65404E-1 1.84662E-1 1.99873E-1 2.25812E-1 2.6214E-1 2.87909E-1 2.95942E-1 2.7425E-1 2.15188E-1 1.72684E-1 1.38137E-1 1.02581E-1 7.86678E-2 5.01615E-2 3.09768E-2 2.37552E-2 2.34457E-2 1.55449E-2
-9999 -9999 -9999 -9999 -9999 6.92232E-2 9.67179E-2 1.3003E-1 1.39429E-1 1.62029E-1 1.84022E-1 1.97054E-1 1.96216E-1 1.85226E-1 1.62894E-1 1.34532E-1 9.85614E-2 6.87422E-2 5.08555E-2 5.52463E-2 7.02833E-2 5.88762E-2 3.45999E-2 1.77533E-2
-9999 -9999 -9999 -9999 -9999 5.57384E-2 6.07717E-2 6.33035E-2 7.70338E-2 1.02685E-1 1.28632E-1 1.43641E-1 1.36443E-1 1.26456E-1 1.03116E-1 8.08483E-2 5.86378E-2 4.34463E-2 4.58667E-2 4.56596E-2 4.77784E-2 4.6724E-2 4.0235E-2 3.56235E-2
-9999 -9999 -9999 -9999 -9999 4.7151E-2 4.51679E-2 2.66737E-2 2.91396E-2 4.51377E-2 6.42981E-2 7.70234E-2 7.35097E-2 6.42209E-2 5.11275E-2 4.02023E-2 4.10999E-2 4.10963E-2 4.26462E-2 4.27072E-2 4.27257E-2 3.92714E-2 4.37952E-2 5.34854E-2
-9999 -9999 -9999 -9999 -9999 3.06404E-2 5.3846E-2 5.07972E-2 5.01336E-2 5.54687E-2 6.26641E-2 5.74365E-2 5.3649E-2 4.32832E-2 3.93046E-2 3.92627E-2 3.68584E-2 3.83878E-2 3.92605E-2 4.13987E-2 4.22022E-2 4.15298E-2 4.61459E-2 5.13617E-2
-9999 -9999 -9999 -9999 -9999 2.6108E-2 2.41291E-2 2.63241E-2 2.59832E-2 3.3582E-2 5.106E-2 6.55637E-2 6.08988E-2 5.47028E-2 4.15771E-2 4.06422E-2 3.69649E-2 3.9229E-2 3.92655E-2 4.05889E-2 4.30706E-2 4.35034E-2 3.84692E-2 2.99436E-2
