analysis/maxent/LEH/2014_2/d2c.asc
ncols         24
nrows         22
xllcorner     -163.028494180372
yllcorner     19.3009582783358
cellsize      0.25
NODATA_value  -9999
-9999 -9999 -9999 -9999 -9999 6.92273E-2 7.04173E-2 4.01993E-2 3.63246E-2 6.33973E-2 5.73305E-2 4.31685E-2 4.74799E-2 5.26428E-2 5.79052E-2 6.26522E-2 5.28635E-2 5.78221E-2 4.38888E-2 3.63345E-2 3.31696E-2 2.5121E-2 2.58427E-2 2.24084E-2
-9999 -9999 -9999 -9999 -9999 3.4586E-2 3.75565E-2 5.00549E-2 3.23977E-2 5.0712E-2 5.49406E-2 5.33222E-2 5.17464E-2 5.83902E-2 5.04848E-2 4.71099E-2 4.57567E-2 5.10546E-2 4.06409E-2 3.23455E-2 2.74963E-2 2.54908E-2 2.47121E-2 2.31066E-2
-9999 -9999 -9999 -9999 -9999 3.43427E-2 4.2521E-2 5.56409E-2 6.85732E-2 8.8948E-2 8.77971E-2 9.0661E-2 7.84271E-2 6.29794E-2 4.86709E-2 5.49296E-2 4.28904E-2 4.74224E-2 3.33366E-2 2.81717E-2 2.6093E-2 2.51923E-2 2.41159E-2 2.37078E-2
-9999 -9999 -9999 -9999 -9999 4.01827E-2 4.28003E-2 8.19823E-2 1.5084E-1 1.81437E-1 1.98044E-1 2.03308E-1 1.96444E-1 1.65075E-1 9.26868E-2 7.63465E-2 5.42221E-2 4.39772E-2 3.5693E-2 3.12195E-2 2.74381E-2 2.51582E-2 2.40962E-2 2.23935E-2
-9999 -9999 -9999 -9999 -9999 4.69713E-2 7.60904E-2 1.15769E-1 2.68433E-1 2.90241E-1 3.02748E-1 2.99625E-1 2.87513E-1 2.64534E-1 2.29307E-1 1.65682E-1 1.13177E-1 7.75266E-2 3.99638E-2 3.20114E-2 2.91851E-2 2.72486E-2 2.63777E-2 2.66837E-2
-9999 -9999 -9999 -9999 -9999 5.24409E-2 1.12293E-1 1.69509E-1 3.66038E-1 3.81795E-1 3.96573E-1 3.95805E-1 3.71749E-1 3.3555E-1 2.99095E-1 2.5973E-1 1.89919E-1 1.03747E-1 4.93618E-2 3.11686E-2 3.1324E-2 2.92737E-2 2.83016E-2 2.79943E-2
-9999 -9999 -9999 -9999 -9999 5.80592E-2 1.30559E-1 1.95224E-1 2.41494E-1 3.78059E-1 4.99868E-1 5.02752E-1 4.70953E-1 4.25376E-1 3.73283E-1 3.19347E-1 2.69726E-1 1.88919E-1 7.71493E-2 5.10119E-2 3.54532E-2 3.16019E-2 2.99851E-2 2.93408E-2
-9999 -9999 -9999 -9999 -9999 1.10584E-1 1.84717E-1 1.42049E-1 1.65774E-1 2.97324E-1 6.25663E-1 6.61459E-1 6.42557E-1 3.56887E-1 2.58911E-1 2.3049E-1 1.69806E-1 2.26678E-1 2.07509E-1 1.17032E-1 5.39216E-2 3.67913E-2 3.2214E-2 3.07054E-2
-9999 -9999 -9999 -9999 -9999 2.56941E-1 2.97218E-1 1.58076E-1 1.68273E-1 4.66846E-1 9.16892E-1 9.58307E-1 7.41532E-1 4.58353E-1 2.38486E-1 1.76455E-1 1.56487E-1 1.92374E-1 2.44642E-1 1.81567E-1 1.11396E-1 6.59436E-2 5.15144E-2 3.57905E-2
-9999 -9999 -9999 -9999 -9999 3.74138E-1 4.33349E-1 4.35683E-1 5.41768E-1 8.13985E-1 9.53198E-1 9.80166E-1 9.33392E-1 5.63762E-1 2.8015E-1 1.82987E-1 1.88509E-1 2.50374E-1 2.77113E-1 2.12415E-1 1.3472E-1 8.12742E-2 8.00521E-2 4.26432E-2
-9999 -9999 -9999 -9999 -9999 4.43483E-1 5.12067E-1 5.74569E-1 7.80286E-1 9.38335E-1 9.81378E-1 9.76695E-1 8.98361E-1 4.95616E-1 2.15518E-1 1.77492E-1 1.89109E-1 1.60824E-1 1.55569E-1 1.21726E-1 1.10744E-1 7.71726E-2 4.82003E-2 3.06106E-2
-9999 -9999 -9999 -9999 -9999 4.5884E-1 5.17166E-1 5.72011E-1 7.82827E-1 8.49177E-1 9.28216E-1 9.65384E-1 8.85886E-1 5.59264E-1 2.98359E-1 2.11886E-1 1.45727E-1 8.38093E-2 7.5467E-2 5.61183E-2 3.83476E-2 3.00492E-2 3.28844E-2 3.23847E-2
-9999 -9999 -9999 -9999 -9999 4.3873E-1 5.11935E-1 5.5657E-1 6.81702E-1 6.30471E-1 7.85821E-1 8.39188E-1 8.30872E-1 6.12298E-1 3.75973E-1 2.71335E-1 1.87098E-1 8.54985E-2 5.2639E-2 3.21565E-2 2.00645E-2 1.57866E-2 2.10354E-2 3.06385E-2
-9999 -9999 -9999 -9999 -9999 3.84036E-1 4.78482E-1 5.21744E-1 5.4034E-1 6.08324E-1 7.71148E-1 8.5078E-1 7.90304E-1 5.67533E-1 3.56969E-1 3.29305E-1 3.05104E-1 1.22435E-1 6.01766E-2 3.00856E-2 1.63103E-2 1.17243E-2 1.29748E-2 1.4932E-2
-9999 -9999 -9999 -9999 -9999 3.37777E-1 4.31844E-1 4.87938E-1 5.19346E-1 5.84474E-1 6.46096E-1 6.93788E-1 6.11133E-1 4.53239E-1 3.36861E-1 3.31951E-1 4.48444E-1 1.72522E-1 7.48383E-2 3.5429E-2 1.53771E-2 1.18803E-2 1.09709E-2 1.01848E-2
-9999 -9999 -9999 -9999 -9999 3.10079E-1 4.35269E-1 5.52982E-1 6.56695E-1 7.46364E-1 6.59568E-1 6.27999E-1 6.04034E-1 5.43623E-1 4.31325E-1 3.77164E-1 2.50044E-1 1.75215E-1 1.12012E-1 4.8167E-2 1.70482E-2 1.3485E-2 1.51871E-2 1.29345E-2
-9999 -9999 -9999 -9999 -9999 4.38297E-1 5.31538E-1 5.72783E-1 5.96908E-1 5.9421E-1 5.44436E-1 4.83191E-1 4.34753E-1 3.85273E-1 2.96377E-1 2.31301E-1 1.75585E-1 1.28235E-1 1.05216E-1 6.55302E-2 3.93567E-2 2.86827E-2 2.79475E-2 1.71234E-2
-9999 -9999 -9999 -9999 -9999 3.17573E-1 3.82189E-1 4.44828E-1 4.72975E-1 4.72106E-1 4.12267E-1 3.42931E-1 2.98751E-1 2.67736E-1 2.25635E-1 1.79361E-1 1.33576E-1 9.93274E-2 7.096E-2 7.10322E-2 8.74845E-2 7.23617E-2 4.25812E-2 1.94299E-2
-9999 -9999 -9999 -9999 -9999 2.54997E-1 2.81281E-1 2.83639E-1 3.14429E-1 3.38271E-1 3.13677E-1 2.58748E-1 2.17374E-1 1.93169E-1 1.62058E-1 1.27746E-1 9.5192E-2 6.44422E-2 6.29341E-2 5.95322E-2 6.09975E-2 5.88281E-2 4.88719E-2 3.89512E-2
-9999 -9999 -9999 -9999 -9999 2.5548E-1 2.25075E-1 1.36618E-1 1.47919E-1 2.03511E-1 2.199E-1 1.89109E-1 1.48312E-1 1.24687E-1 9.91162E-2 7.30345E-2 6.99014E-2 6.51136E-2 6.2374E-2 5.87533E-2 5.6759E-2 5.13936E-2 5.58103E-2 6.32008E-2
-9999 -9999 -9999 -9999 -9999 2.47188E-1 2.60505E-1 2.4639E-1 2.58224E-1 2.55709E-1 2.462E-1 1.78921E-1 1.28054E-1 9.02122E-2 7.96356E-2 7.63964E-2 6.83271E-2 6.69523E-2 6.36196E-2 6.23206E-2 5.97342E-2 5.71495E-2 6.21908E-2 6.56343E-2
-9999 -9999 -9999 -9999 -9999 2.4264E-1 2.33595E-1 2.36636E-1 2.37426E-1 2.4399E-1 2.5088E-1 2.36099E-1 1.78715E-1 1.28734E-1 8.85471E-2 8.18315E-2 7.03913E-2 7.03208E-2 6.60303E-2 6.21668E-2 6.04153E-2 5.73965E-2 4.95611E-2 3.67483E-2
