analysis/maxent/LEH/2014_2/d2c_clamping.asc
ncols         24
nrows         22
xllcorner     -163.028494180372
yllcorner     19.3009582783358
cellsize      0.25
NODATA_value  -9999
-9999 -9999 -9999 -9999 -9999 1.09486E-1 1.35821E-1 1.00053E-1 8.96277E-2 1.44321E-1 1.27215E-1 9.72174E-2 1.08588E-1 1.25446E-1 1.46387E-1 1.66484E-1 1.49008E-1 1.68953E-1 1.39991E-1 1.28158E-1 1.30257E-1 1.08778E-1 1.26202E-1 1.12386E-1
-9999 -9999 -9999 -9999 -9999 6.4006E-2 6.83203E-2 8.22304E-2 4.69617E-2 6.12001E-2 5.49601E-2 5.00831E-2 5.17617E-2 6.77147E-2 7.33108E-2 8.43413E-2 9.58874E-2 1.1943E-1 1.0811E-1 9.84002E-2 9.27435E-2 9.61787E-2 1.06194E-1 1.04837E-1
-9999 -9999 -9999 -9999 -9999 3.89957E-2 3.88524E-2 3.15115E-2 1.34508E-2 0E0 0E0 0E0 0E0 0E0 2.90274E-3 2.94292E-2 4.59697E-2 7.45596E-2 6.75598E-2 6.81049E-2 7.45562E-2 8.34897E-2 9.13351E-2 9.33135E-2
-9999 -9999 -9999 -9999 -9999 2.17833E-2 1.94184E-3 0E0 0E0 0E0 0E0 0E0 0E0 0E0 0E0 0E0 0E0 2.2974E-2 4.41732E-2 5.77208E-2 6.45453E-2 7.10415E-2 7.74608E-2 7.44799E-2
-9999 -9999 -9999 -9999 -9999 0E0 0E0 0E0 0E0 0E0 0E0 0E0 0E0 0E0 0E0 0E0 0E0 0E0 8.33536E-3 3.48676E-2 5.20041E-2 6.29505E-2 7.01427E-2 7.49677E-2
-9999 -9999 -9999 -9999 -9999 0E0 0E0 0E0 0E0 0E0 0E0 0E0 0E0 0E0 0E0 0E0 0E0 0E0 0E0 6.30581E-3 3.53336E-2 5.25326E-2 6.25475E-2 6.81492E-2
-9999 -9999 -9999 -9999 -9999 0E0 0E0 0E0 0E0 0E0 0E0 0E0 0E0 0E0 0E0 0E0 0E0 0E0 0E0 0E0 1.68384E-2 4.15315E-2 5.60168E-2 6.35305E-2
-9999 -9999 -9999 -9999 -9999 0E0 0E0 0E0 0E0 0E0 0E0 0E0 0E0 0E0 0E0 0E0 0E0 0E0 0E0 0E0 0E0 3.49893E-2 5.45839E-2 6.17949E-2
-9999 -9999 -9999 -9999 -9999 0E0 0E0 0E0 0E0 0E0 0E0 0E0 0E0 0E0 0E0 0E0 0E0 0E0 0E0 0E0 0E0 3.56055E-2 7.46352E-2 7.05881E-2
-9999 -9999 -9999 -9999 -9999 0E0 0E0 0E0 0E0 0E0 0E0 0E0 0E0 0E0 0E0 0E0 0E0 0E0 0E0 0E0 0E0 1.57373E-2 8.87334E-2 7.13723E-2
-9999 -9999 -9999 -9999 -9999 0E0 0E0 0E0 0E0 0E0 0E0 0E0 0E0 0E0 0E0 0E0 0E0 0E0 0E0 0E0 0E0 4.70732E-3 4.19189E-2 4.0296E-2
-9999 -9999 -9999 -9999 -9999 0E0 0E0 0E0 0E0 0E0 0E0 0E0 0E0 0E0 0E0 0E0 0E0 0E0 0E0 0E0 0E0 1.25493E-3 2.50283E-2 3.89992E-2
-9999 -9999 -9999 -9999 -9999 0E0 0E0 0E0 0E0 0E0 0E0 0E0 0E0 0E0 0E0 0E0 0E0 0E0 0E0 0E0 0E0 1.9843E-3 1.62869E-2 3.46912E-2
-9999 -9999 -9999 -9999 -9999 0E0 0E0 0E0 0E0 0E0 0E0 0E0 0E0 0E0 0E0 0E0 0E0 0E0 0E0 0E0 0E0 3.34948E-3 1.02939E-2 1.66123E-2
-9999 -9999 -9999 -9999 -9999 0E0 0E0 0E0 0E0 0E0 0E0 0E0 0E0 0E0 0E0 0E0 0E0 0E0 0E0 0E0 0E0 5.12681E-3 9.8164E-3 1.21743E-2
-9999 -9999 -9999 -9999 -9999 0E0 0E0 0E0 0E0 0E0 0E0 0E0 0E0 0E0 0E0 0E0 0E0 0E0 0E0 0E0 1.94772E-3 6.75212E-3 1.1058E-2 1.25634E-2
-9999 -9999 -9999 -9999 -9999 0E0 0E0 0E0 0E0 0E0 0E0 0E0 0E0 0E0 0E0 0E0 0E0 0E0 0E0 0E0 1.2162E-2 1.56422E-2 1.90644E-2 1.40053E-2
-9999 -9999 -9999 -9999 -9999 0E0 0E0 0E0 0E0 0E0 0E0 0E0 0E0 0E0 0E0 0E0 0E0 0E0 0E0 1.80178E-2 4.18067E-2 4.51542E-2 3.01478E-2 1.65277E-2
-9999 -9999 -9999 -9999 -9999 9.84196E-3 0E0 0E0 0E0 0E0 0E0 0E0 0E0 0E0 0E0 0E0 0E0 1.10091E-3 1.61108E-2 2.68281E-2 3.57415E-2 3.98018E-2 3.68539E-2 3.39728E-2
-9999 -9999 -9999 -9999 -9999 2.52364E-2 1.50816E-2 2.54488E-3 0E0 0E0 0E0 0E0 0E0 0E0 0E0 0E0 9.63982E-3 1.86356E-2 2.68088E-2 3.24129E-2 3.63104E-2 3.57405E-2 4.15058E-2 5.19028E-2
-9999 -9999 -9999 -9999 -9999 2.29454E-2 3.46727E-2 2.66733E-2 2.00694E-2 1.58653E-2 1.26279E-2 9.41112E-3 9.62496E-3 1.06441E-2 1.37364E-2 1.85195E-2 2.19364E-2 2.70806E-2 3.12498E-2 3.57999E-2 3.85741E-2 3.93469E-2 4.47097E-2 5.04442E-2
-9999 -9999 -9999 -9999 -9999 2.26744E-2 1.97381E-2 2.00204E-2 1.82292E-2 2.17505E-2 3.09801E-2 3.8491E-2 3.62017E-2 3.42137E-2 2.80672E-2 2.9784E-2 2.9288E-2 3.31966E-2 3.50083E-2 3.76178E-2 4.10259E-2 4.22158E-2 3.77871E-2 2.96369E-2
