analysis/maxent/LEH/2014_2/d2c_clamping.asc
ncols         24
nrows         22
xllcorner     -163.028494180372
yllcorner     19.3009582783358
cellsize      0.25
NODATA_value  -9999
-9999 -9999 -9999 -9999 -9999 6.45479E-2 6.3498E-2 3.48639E-2 3.01253E-2 5.01873E-2 4.38881E-2 3.25748E-2 3.60244E-2 4.09826E-2 4.6903E-2 5.30839E-2 4.6807E-2 5.31161E-2 4.15283E-2 3.51186E-2 3.25171E-2 2.48468E-2 2.5693E-2 2.23427E-2
-9999 -9999 -9999 -9999 -9999 2.94383E-2 2.92844E-2 3.46611E-2 1.95002E-2 2.60263E-2 2.46155E-2 2.2317E-2 2.22636E-2 2.7996E-2 2.82107E-2 3.06493E-2 3.38888E-2 4.17961E-2 3.58312E-2 2.99978E-2 2.634E-2 2.49024E-2 2.44144E-2 2.29675E-2
-9999 -9999 -9999 -9999 -9999 2.34632E-2 2.22399E-2 1.81823E-2 7.89574E-3 0E0 0E0 0E0 0E0 0E0 1.35359E-3 1.29607E-2 1.89263E-2 2.9218E-2 2.51316E-2 2.39799E-2 2.38756E-2 2.40342E-2 2.35454E-2 2.34308E-2
-9999 -9999 -9999 -9999 -9999 1.46242E-2 1.323E-3 0E0 0E0 0E0 0E0 0E0 0E0 0E0 0E0 0E0 0E0 1.01963E-2 1.83629E-2 2.22084E-2 2.29915E-2 2.29871E-2 2.30407E-2 2.19156E-2
-9999 -9999 -9999 -9999 -9999 0E0 0E0 0E0 0E0 0E0 0E0 0E0 0E0 0E0 0E0 0E0 0E0 0E0 3.95633E-3 1.51609E-2 2.07062E-2 2.30997E-2 2.43672E-2 2.57059E-2
-9999 -9999 -9999 -9999 -9999 0E0 0E0 0E0 0E0 0E0 0E0 0E0 0E0 0E0 0E0 0E0 0E0 0E0 0E0 3.18216E-3 1.60627E-2 2.19253E-2 2.4802E-2 2.63558E-2
-9999 -9999 -9999 -9999 -9999 0E0 0E0 0E0 0E0 0E0 0E0 0E0 0E0 0E0 0E0 0E0 0E0 0E0 0E0 0E0 8.51852E-3 1.94384E-2 2.4397E-2 2.67942E-2
-9999 -9999 -9999 -9999 -9999 0E0 0E0 0E0 0E0 0E0 0E0 0E0 0E0 0E0 0E0 0E0 0E0 0E0 0E0 0E0 0E0 1.6669E-2 2.38249E-2 2.70407E-2
-9999 -9999 -9999 -9999 -9999 0E0 0E0 0E0 0E0 0E0 0E0 0E0 0E0 0E0 0E0 0E0 0E0 0E0 0E0 0E0 0E0 1.84843E-2 3.40491E-2 3.03261E-2
-9999 -9999 -9999 -9999 -9999 0E0 0E0 0E0 0E0 0E0 0E0 0E0 0E0 0E0 0E0 0E0 0E0 0E0 0E0 0E0 0E0 1.08297E-2 4.73175E-2 3.4899E-2
-9999 -9999 -9999 -9999 -9999 0E0 0E0 0E0 0E0 0E0 0E0 0E0 0E0 0E0 0E0 0E0 0E0 0E0 0E0 0E0 0E0 3.4024E-3 2.67059E-2 2.45417E-2
-9999 -9999 -9999 -9999 -9999 0E0 0E0 0E0 0E0 0E0 0E0 0E0 0E0 0E0 0E0 0E0 0E0 0E0 0E0 0E0 0E0 1.01701E-3 1.81065E-2 2.58927E-2
-9999 -9999 -9999 -9999 -9999 0E0 0E0 0E0 0E0 0E0 0E0 0E0 0E0 0E0 0E0 0E0 0E0 0E0 0E0 0E0 0E0 1.66749E-3 1.22857E-2 2.49332E-2
-9999 -9999 -9999 -9999 -9999 0E0 0E0 0E0 0E0 0E0 0E0 0E0 0E0 0E0 0E0 0E0 0E0 0E0 0E0 0E0 0E0 2.83229E-3 8.38057E-3 1.25624E-2
-9999 -9999 -9999 -9999 -9999 0E0 0E0 0E0 0E0 0E0 0E0 0E0 0E0 0E0 0E0 0E0 0E0 0E0 0E0 0E0 0E0 4.85821E-3 7.91278E-3 8.90089E-3
-9999 -9999 -9999 -9999 -9999 0E0 0E0 0E0 0E0 0E0 0E0 0E0 0E0 0E0 0E0 0E0 0E0 0E0 0E0 0E0 2.53618E-3 7.75237E-3 1.20949E-2 1.1728E-2
-9999 -9999 -9999 -9999 -9999 0E0 0E0 0E0 0E0 0E0 0E0 0E0 0E0 0E0 0E0 0E0 0E0 0E0 0E0 0E0 1.73022E-2 2.05292E-2 2.40865E-2 1.60295E-2
-9999 -9999 -9999 -9999 -9999 0E0 0E0 0E0 0E0 0E0 0E0 0E0 0E0 0E0 0E0 0E0 0E0 0E0 0E0 2.61505E-2 5.71379E-2 5.94263E-2 3.8877E-2 1.8644E-2
-9999 -9999 -9999 -9999 -9999 4.63375E-2 0E0 0E0 0E0 0E0 0E0 0E0 0E0 0E0 0E0 0E0 0E0 1.93277E-3 2.49306E-2 3.85289E-2 4.90954E-2 5.28083E-2 4.63838E-2 3.8012E-2
-9999 -9999 -9999 -9999 -9999 1.43069E-1 7.90358E-2 1.42023E-2 0E0 0E0 0E0 0E0 0E0 0E0 0E0 0E0 1.85821E-2 3.29244E-2 4.29337E-2 4.78973E-2 5.08781E-2 4.85635E-2 5.42471E-2 6.2342E-2
-9999 -9999 -9999 -9999 -9999 1.93605E-1 1.76132E-1 1.36116E-1 1.07867E-1 7.61616E-2 5.19939E-2 3.18411E-2 2.55915E-2 2.49571E-2 3.11637E-2 3.99745E-2 4.45935E-2 5.1086E-2 5.39798E-2 5.6631E-2 5.66305E-2 5.55458E-2 6.1289E-2 6.51666E-2
-9999 -9999 -9999 -9999 -9999 2.18401E-1 1.99354E-1 1.88468E-1 1.74744E-1 1.65896E-1 1.60196E-1 1.47094E-1 1.14304E-1 8.73003E-2 6.47659E-2 6.451E-2 5.94467E-2 6.27621E-2 6.14308E-2 5.95241E-2 5.89334E-2 5.66268E-2 4.92156E-2 3.66217E-2
