analysis/maxent/LEH/2014_2/envonly.asc
ncols         24
nrows         22
xllcorner     -163.028494180372
yllcorner     19.3009582783358
cellsize      0.25
NODATA_value  -9999
-9999 -9999 -9999 -9999 -9999 6.97289E-1 7.00313E-1 4.30081E-1 4.12833E-1 6.48127E-1 6.32374E-1 5.29952E-1 5.8649E-1 6.4807E-1 7.03898E-1 7.52086E-1 6.92847E-1 7.46135E-1 6.32189E-1 5.52625E-1 5.20632E-1 4.62774E-1 4.41582E-1 4.61706E-1
-9999 -9999 -9999 -9999 -9999 4.2169E-1 4.22714E-1 5.12656E-1 4.1445E-1 5.58999E-1 6.11798E-1 6.16127E-1 6.19642E-1 6.88808E-1 6.32607E-1 6.11591E-1 6.10255E-1 6.71866E-1 5.78303E-1 5.13154E-1 4.96676E-1 4.80454E-1 4.51452E-1 4.70902E-1
-9999 -9999 -9999 -9999 -9999 5.05574E-1 4.65256E-1 5.66955E-1 6.75305E-1 7.85943E-1 7.23759E-1 7.28559E-1 6.87542E-1 6.44408E-1 6.03572E-1 6.65086E-1 5.61967E-1 6.16144E-1 5.07876E-1 5.41794E-1 5.5341E-1 5.128E-1 4.93186E-1 5.05308E-1
-9999 -9999 -9999 -9999 -9999 5.2247E-1 4.8218E-1 5.53672E-1 7.446E-1 7.82094E-1 7.83623E-1 7.89298E-1 7.93504E-1 7.56371E-1 5.84392E-1 5.99177E-1 5.85801E-1 5.57874E-1 5.0476E-1 4.8923E-1 5.29314E-1 5.50429E-1 5.52569E-1 6.36778E-1
-9999 -9999 -9999 -9999 -9999 6.13372E-1 4.99386E-1 4.23538E-1 7.17302E-1 7.42424E-1 7.49927E-1 7.62927E-1 7.76155E-1 7.91647E-1 7.89995E-1 7.30992E-1 6.63724E-1 6.2091E-1 5.1349E-1 4.81427E-1 4.9784E-1 5.24878E-1 5.47268E-1 5.67128E-1
-9999 -9999 -9999 -9999 -9999 6.75616E-1 5.63248E-1 3.91253E-1 7.08148E-1 7.21229E-1 7.29131E-1 7.40668E-1 7.60031E-1 7.8402E-1 8.04753E-1 7.96704E-1 7.15752E-1 5.51372E-1 5.08446E-1 5.1016E-1 4.8009E-1 5.05779E-1 5.3965E-1 5.77039E-1
-9999 -9999 -9999 -9999 -9999 4.1577E-1 6.37472E-1 4.23959E-1 3.88386E-1 5.44507E-1 7.11011E-1 7.19955E-1 7.40958E-1 7.71018E-1 7.89207E-1 7.69493E-1 7.55332E-1 6.67821E-1 4.51443E-1 4.54024E-1 4.52075E-1 4.71321E-1 5.03735E-1 5.51755E-1
-9999 -9999 -9999 -9999 -9999 2.95632E-1 4.6703E-1 5.93133E-1 7.16239E-1 4.3576E-1 6.91598E-1 6.94007E-1 7.04981E-1 4.6895E-1 4.70674E-1 4.7737E-1 4.35173E-1 6.33563E-1 7.18255E-1 6.24823E-1 5.18481E-1 4.36678E-1 4.36975E-1 4.81771E-1
-9999 -9999 -9999 -9999 -9999 2.53105E-1 2.5947E-1 3.6319E-1 5.53724E-1 4.20309E-1 5.74812E-1 5.35097E-1 3.13639E-1 5.68542E-1 7.79261E-1 8.07082E-1 6.31218E-1 4.59365E-1 7.08736E-1 7.09714E-1 6.81483E-1 6.12857E-1 5.11378E-1 4.25653E-1
-9999 -9999 -9999 -9999 -9999 1.04696E-1 1.48231E-1 1.92142E-1 2.6937E-1 2.28776E-1 2.07414E-1 2.29354E-1 3.75671E-1 5.4218E-1 6.89104E-1 7.8124E-1 6.85721E-1 5.1891E-1 7.08514E-1 7.02504E-1 7.09478E-1 7.12163E-1 6.97341E-1 4.57939E-1
-9999 -9999 -9999 -9999 -9999 1.21844E-1 1.19826E-1 1.19408E-1 1.3606E-1 1.92398E-1 3.12422E-1 2.33576E-1 1.95606E-1 1.6139E-1 2.89113E-1 6.74036E-1 7.72846E-1 6.85291E-1 4.46168E-1 4.36247E-1 5.52608E-1 6.60588E-1 4.78155E-1 6.26346E-1
-9999 -9999 -9999 -9999 -9999 1.13593E-1 1.1033E-1 1.2169E-1 1.65593E-1 2.51771E-1 2.26107E-1 1.35699E-1 1.90177E-1 1.88445E-1 2.6251E-1 5.91493E-1 6.97238E-1 6.68424E-1 7.45006E-1 7.65116E-1 7.82896E-1 8.04577E-1 7.144E-1 6.80373E-1
-9999 -9999 -9999 -9999 -9999 1.03849E-1 1.02188E-1 1.05763E-1 1.68443E-1 2.19715E-1 2.93003E-1 3.66606E-1 4.89185E-1 5.23696E-1 5.60643E-1 6.56074E-1 6.85233E-1 5.9905E-1 5.29396E-1 3.87636E-1 4.01601E-1 6.53776E-1 7.77258E-1 7.77402E-1
-9999 -9999 -9999 -9999 -9999 1.00199E-1 9.8528E-2 9.65988E-2 1.40234E-1 3.03294E-1 3.86594E-1 4.03916E-1 4.90592E-1 6.42834E-1 6.39804E-1 4.33154E-1 3.25903E-1 6.30249E-1 5.38883E-1 3.13519E-1 2.40338E-1 3.90067E-1 5.82802E-1 7.14872E-1
-9999 -9999 -9999 -9999 -9999 9.06335E-2 9.40647E-2 9.20991E-2 9.72284E-2 1.09756E-1 1.74958E-1 2.60546E-1 2.80721E-1 3.53995E-1 4.49331E-1 3.233E-1 4.35666E-1 5.48051E-1 6.14989E-1 5.30638E-1 3.32974E-1 3.16543E-1 3.08188E-1 3.25888E-1
-9999 -9999 -9999 -9999 -9999 8.97333E-2 1.0244E-1 1.2066E-1 1.43434E-1 1.89859E-1 2.38093E-1 3.3144E-1 3.85332E-1 3.72915E-1 3.24172E-1 3.43911E-1 3.1686E-1 4.13722E-1 5.62941E-1 6.59944E-1 4.82018E-1 3.02303E-1 4.26979E-1 3.56704E-1
-9999 -9999 -9999 -9999 -9999 1.73312E-1 1.71476E-1 1.59809E-1 1.49318E-1 1.55506E-1 2.22181E-1 2.83483E-1 3.1063E-1 3.08899E-1 2.88576E-1 3.3626E-1 4.16897E-1 4.97064E-1 3.80453E-1 3.73044E-1 6.69839E-1 6.06039E-1 5.8389E-1 4.61705E-1
-9999 -9999 -9999 -9999 -9999 1.60454E-1 1.48749E-1 1.41672E-1 1.3209E-1 1.52079E-1 2.07671E-1 2.58372E-1 2.76693E-1 2.84145E-1 2.95389E-1 3.40995E-1 4.07511E-1 4.13731E-1 3.47076E-1 3.2236E-1 3.65594E-1 3.22708E-1 6.56435E-1 5.66278E-1
-9999 -9999 -9999 -9999 -9999 1.89217E-1 1.64635E-1 1.18919E-1 1.08629E-1 1.32607E-1 1.88607E-1 2.49185E-1 2.62165E-1 2.79878E-1 2.97575E-1 3.23988E-1 3.58756E-1 3.63313E-1 3.65964E-1 3.96217E-1 3.77749E-1 4.08347E-1 5.616E-1 7.127E-1
-9999 -9999 -9999 -9999 -9999 1.8621E-1 1.49937E-1 8.78131E-2 8.33883E-2 1.06711E-1 1.63195E-1 2.23633E-1 2.49382E-1 2.68016E-1 2.92985E-1 3.16332E-1 3.27686E-1 3.67865E-1 3.83939E-1 4.17348E-1 4.38021E-1 5.21365E-1 4.54017E-1 3.57777E-1
-9999 -9999 -9999 -9999 -9999 1.66516E-1 1.82381E-1 1.66277E-1 1.84905E-1 1.85355E-1 2.38418E-1 2.52256E-1 2.59016E-1 2.42206E-1 2.72647E-1 2.87049E-1 3.49338E-1 3.57423E-1 3.88908E-1 3.90457E-1 4.10773E-1 4.41357E-1 3.80316E-1 3.45808E-1
-9999 -9999 -9999 -9999 -9999 1.51943E-1 1.46882E-1 1.50082E-1 1.51453E-1 1.72631E-1 1.99853E-1 2.59041E-1 2.74011E-1 2.65318E-1 2.36423E-1 2.59141E-1 3.3281E-1 3.26694E-1 3.64732E-1 3.95439E-1 3.99807E-1 4.26484E-1 5.47903E-1 6.98239E-1
