analysis/maxent/LEH/2014_2/envonly.asc
ncols         24
nrows         22
xllcorner     -163.028494180372
yllcorner     19.3009582783358
cellsize      0.25
NODATA_value  -9999
-9999 -9999 -9999 -9999 -9999 5.10894E-1 5.02778E-1 2.33976E-1 2.08342E-1 3.75626E-1 3.22852E-1 2.24413E-1 2.48501E-1 2.77617E-1 3.07586E-1 3.38887E-1 2.8753E-1 3.08811E-1 2.16249E-1 1.73769E-1 1.47271E-1 1.2441E-1 1.06648E-1 1.15562E-1
-9999 -9999 -9999 -9999 -9999 2.42704E-1 2.35738E-1 3.09757E-1 2.22774E-1 2.97021E-1 3.28376E-1 3.1794E-1 3.04731E-1 3.45572E-1 2.85159E-1 2.58971E-1 2.53589E-1 2.70984E-1 1.97755E-1 1.67011E-1 1.61392E-1 1.46169E-1 1.27455E-1 1.31594E-1
-9999 -9999 -9999 -9999 -9999 3.3479E-1 2.76668E-1 3.62181E-1 4.40827E-1 5.48879E-1 4.2701E-1 3.88927E-1 3.19091E-1 2.70833E-1 2.50005E-1 3.09304E-1 2.30364E-1 2.5156E-1 1.81526E-1 2.19513E-1 2.15939E-1 1.81741E-1 1.6325E-1 1.64063E-1
-9999 -9999 -9999 -9999 -9999 3.39446E-1 2.89353E-1 3.23888E-1 4.8402E-1 5.2088E-1 4.93674E-1 4.65304E-1 4.30551E-1 3.68672E-1 2.25189E-1 2.47755E-1 2.55031E-1 2.41058E-1 2.06145E-1 2.03467E-1 2.21969E-1 2.28451E-1 2.20223E-1 2.75721E-1
-9999 -9999 -9999 -9999 -9999 4.81523E-1 3.40009E-1 2.44858E-1 4.94939E-1 5.24012E-1 5.0656E-1 4.92527E-1 4.80723E-1 4.75665E-1 4.40318E-1 3.83014E-1 3.44449E-1 3.17898E-1 2.30034E-1 2.20184E-1 2.22586E-1 2.33878E-1 2.40766E-1 2.47024E-1
-9999 -9999 -9999 -9999 -9999 6.12145E-1 5.09392E-1 2.69688E-1 5.59134E-1 5.75102E-1 5.58165E-1 5.35537E-1 5.30782E-1 5.45503E-1 5.59333E-1 5.52041E-1 4.44369E-1 2.96969E-1 2.71589E-1 2.70124E-1 2.34564E-1 2.44956E-1 2.61298E-1 2.81228E-1
-9999 -9999 -9999 -9999 -9999 5.49642E-1 6.82105E-1 3.79382E-1 2.94819E-1 4.27513E-1 6.10689E-1 5.90982E-1 5.80078E-1 6.03916E-1 6.05972E-1 5.96437E-1 5.78519E-1 4.56625E-1 2.53537E-1 2.49209E-1 2.34859E-1 2.44597E-1 2.58565E-1 2.85176E-1
-9999 -9999 -9999 -9999 -9999 6.58981E-1 7.31118E-1 6.77065E-1 7.01227E-1 3.94313E-1 6.66196E-1 6.4556E-1 6.05469E-1 3.03649E-1 2.94088E-1 3.02894E-1 2.87348E-1 4.71467E-1 5.44551E-1 4.2643E-1 3.13044E-1 2.2978E-1 2.28901E-1 2.52937E-1
-9999 -9999 -9999 -9999 -9999 7.49452E-1 7.31376E-1 6.38802E-1 6.75724E-1 4.85453E-1 6.32517E-1 6.0992E-1 3.14859E-1 5.12835E-1 6.6145E-1 6.62814E-1 5.3163E-1 3.47952E-1 6.39684E-1 6.03307E-1 5.23309E-1 4.39153E-1 3.29977E-1 2.23441E-1
-9999 -9999 -9999 -9999 -9999 4.72048E-1 5.06176E-1 6.10175E-1 5.98671E-1 4.44552E-1 4.23918E-1 5.09369E-1 6.8575E-1 6.51148E-1 6.36032E-1 6.96284E-1 5.96319E-1 4.04046E-1 6.95729E-1 6.70645E-1 6.47357E-1 6.12843E-1 5.44579E-1 2.66666E-1
-9999 -9999 -9999 -9999 -9999 4.1925E-1 4.19045E-1 4.46832E-1 5.09972E-1 6.34272E-1 7.79478E-1 6.54413E-1 5.61113E-1 4.23691E-1 4.37713E-1 6.53392E-1 7.26131E-1 6.2575E-1 3.45421E-1 3.19363E-1 4.18808E-1 5.09357E-1 3.09208E-1 4.76393E-1
-9999 -9999 -9999 -9999 -9999 4.3975E-1 4.25543E-1 4.75762E-1 6.42144E-1 7.78763E-1 6.88142E-1 5.37529E-1 5.4792E-1 5.19636E-1 5.51556E-1 7.04892E-1 7.32142E-1 6.65619E-1 6.97079E-1 6.8914E-1 6.82377E-1 6.7848E-1 5.81462E-1 5.3794E-1
-9999 -9999 -9999 -9999 -9999 4.68498E-1 4.46958E-1 4.69646E-1 7.08266E-1 7.47524E-1 7.67958E-1 7.78569E-1 8.28555E-1 8.06476E-1 7.93174E-1 8.28638E-1 8.06556E-1 6.89649E-1 6.14935E-1 5.32608E-1 5.05275E-1 5.93853E-1 6.76586E-1 6.46648E-1
-9999 -9999 -9999 -9999 -9999 5.18369E-1 4.74006E-1 4.75601E-1 6.61238E-1 8.88996E-1 8.91871E-1 8.29828E-1 8.33643E-1 9.03291E-1 8.91382E-1 7.12485E-1 5.04917E-1 8.07951E-1 6.88678E-1 5.54816E-1 4.91193E-1 5.3318E-1 5.75833E-1 6.29998E-1
-9999 -9999 -9999 -9999 -9999 5.36962E-1 4.82928E-1 4.63764E-1 5.09491E-1 5.41218E-1 5.94025E-1 5.84071E-1 5.62761E-1 6.78245E-1 8.01726E-1 5.71704E-1 6.91949E-1 8.15742E-1 8.16826E-1 7.09886E-1 5.92507E-1 5.51469E-1 5.2286E-1 5.05747E-1
-9999 -9999 -9999 -9999 -9999 5.03068E-1 5.19455E-1 5.83563E-1 6.89295E-1 8.48205E-1 7.92784E-1 7.83376E-1 7.68315E-1 7.20802E-1 6.13537E-1 6.00129E-1 5.28888E-1 6.70465E-1 8.12383E-1 8.52161E-1 7.10977E-1 5.98192E-1 5.96691E-1 5.36932E-1
-9999 -9999 -9999 -9999 -9999 7.72554E-1 7.59859E-1 7.34566E-1 7.66411E-1 8.13599E-1 7.89103E-1 7.45339E-1 6.89711E-1 6.36881E-1 5.73648E-1 6.22846E-1 7.20082E-1 8.05048E-1 6.13371E-1 5.78974E-1 8.81128E-1 8.27415E-1 7.82879E-1 6.33732E-1
-9999 -9999 -9999 -9999 -9999 7.45227E-1 7.26133E-1 7.43722E-1 7.86556E-1 8.10486E-1 7.60274E-1 6.79181E-1 6.31981E-1 6.12553E-1 6.10447E-1 6.59188E-1 7.38846E-1 7.23016E-1 5.87408E-1 5.0665E-1 5.45682E-1 4.83425E-1 8.59545E-1 7.41369E-1
-9999 -9999 -9999 -9999 -9999 8.65251E-1 8.4644E-1 7.49097E-1 7.5037E-1 7.72048E-1 7.5138E-1 6.85848E-1 6.61759E-1 6.65191E-1 6.65095E-1 6.72433E-1 6.94416E-1 6.72122E-1 6.36098E-1 6.48253E-1 5.9354E-1 6.2156E-1 7.86226E-1 8.53222E-1
-9999 -9999 -9999 -9999 -9999 9.39704E-1 8.91433E-1 6.74672E-1 6.74321E-1 7.22146E-1 7.69269E-1 7.35753E-1 6.81822E-1 6.92381E-1 7.12249E-1 7.17417E-1 6.91278E-1 7.16951E-1 7.02747E-1 7.16083E-1 7.14876E-1 7.97411E-1 6.91635E-1 5.05199E-1
-9999 -9999 -9999 -9999 -9999 9.70794E-1 9.62229E-1 9.39098E-1 9.62781E-1 9.60507E-1 9.58851E-1 8.91856E-1 7.91199E-1 6.91594E-1 7.23908E-1 7.13312E-1 7.81541E-1 7.55132E-1 7.5377E-1 7.16879E-1 7.09799E-1 7.26821E-1 6.11797E-1 5.25579E-1
-9999 -9999 -9999 -9999 -9999 9.74932E-1 9.7687E-1 9.74538E-1 9.71707E-1 9.69315E-1 9.65857E-1 9.53896E-1 8.97428E-1 7.92731E-1 6.80305E-1 6.83172E-1 7.73192E-1 7.23548E-1 7.40981E-1 7.36637E-1 7.01046E-1 7.0387E-1 8.1745E-1 8.88471E-1
