analysis/maxent/LEH/2014_2/ert.asc
ncols         24
nrows         22
xllcorner     -163.028494180372
yllcorner     19.3009582783358
cellsize      0.25
NODATA_value  -9999
-9999 -9999 -9999 -9999 -9999 -9999 -9999 -9999 -9999 -9999 -9999 -9999 -9999 -9999 -9999 -9999 -9999 -9999 -9999 -9999 -9999 -9999 -9999 -9999
-9999 -9999 -9999 -9999 -9999 -9999 -9999 -9999 -9999 -9999 -9999 -9999 -9999 -9999 -9999 -9999 -9999 -9999 -9999 -9999 -9999 -9999 -9999 -9999
-9999 -9999 -9999 -9999 -9999 -9999 -9999 -9999 8.0624E-1 8.51371E-1 8.37996E-1 8.41196E-1 8.1031E-1 7.76526E-1 7.42232E-1 -9999 -9999 -9999 -9999 -9999 -9999 -9999 -9999 -9999
-9999 -9999 -9999 -9999 -9999 -9999 5.73221E-1 7.04174E-1 8.56036E-1 8.48358E-1 8.58567E-1 8.94167E-1 8.96033E-1 8.64672E-1 7.18039E-1 7.14734E-1 6.94837E-1 -9999 -9999 -9999 -9999 -9999 -9999 -9999
-9999 -9999 -9999 -9999 -9999 5.59218E-1 5.64558E-1 5.99853E-1 8.5955E-1 8.25417E-1 8.44183E-1 8.4754E-1 8.57979E-1 8.59526E-1 8.6757E-1 8.04747E-1 7.4216E-1 6.96071E-1 -9999 -9999 -9999 -9999 -9999 -9999
-9999 -9999 -9999 -9999 -9999 4.38683E-1 4.97306E-1 5.25918E-1 8.39527E-1 7.77757E-1 7.94132E-1 8.17682E-1 7.85252E-1 7.76949E-1 7.95368E-1 8.19469E-1 7.65381E-1 6.16972E-1 4.81097E-1 -9999 -9999 -9999 -9999 -9999
-9999 -9999 -9999 -9999 -9999 2.52453E-1 4.16074E-1 4.75703E-1 5.6843E-1 7.61101E-1 7.99552E-1 7.73709E-1 7.22938E-1 7.10328E-1 7.28978E-1 7.14417E-1 7.49749E-1 6.95004E-1 4.6665E-1 4.54662E-1 -9999 -9999 -9999 -9999
-9999 -9999 -9999 -9999 -9999 1.92922E-1 3.00495E-1 3.81139E-1 5.18223E-1 6.39188E-1 8.44072E-1 7.92911E-1 8.64807E-1 6.63729E-1 5.29359E-1 4.71627E-1 4.40648E-1 6.35853E-1 6.94416E-1 6.04521E-1 5.11617E-1 -9999 -9999 -9999
-9999 -9999 -9999 -9999 -9999 1.99987E-1 2.32894E-1 2.73451E-1 4.51094E-1 6.69844E-1 9.32583E-1 9.07625E-1 6.60752E-1 6.26779E-1 5.3347E-1 3.94764E-1 3.25531E-1 4.34222E-1 5.51374E-1 6.31344E-1 6.19988E-1 5.95227E-1 -9999 -9999
-9999 -9999 -9999 -9999 -9999 1.88214E-1 2.67257E-1 3.29069E-1 4.85288E-1 6.04274E-1 6.57544E-1 6.30118E-1 5.88997E-1 5.2134E-1 4.71631E-1 4.19294E-1 3.07571E-1 3.89239E-1 4.37586E-1 4.89009E-1 4.57936E-1 5.04553E-1 -9999 -9999
-9999 -9999 -9999 -9999 -9999 2.70682E-1 3.17087E-1 3.58992E-1 4.35261E-1 5.45013E-1 6.22381E-1 5.66414E-1 4.05049E-1 3.01763E-1 2.61844E-1 3.35069E-1 2.84357E-1 2.65517E-1 2.6617E-1 2.76118E-1 3.60185E-1 4.37663E-1 3.35096E-1 -9999
-9999 -9999 -9999 -9999 -9999 2.63927E-1 3.04358E-1 3.48068E-1 4.10101E-1 4.41664E-1 4.58375E-1 4.26567E-1 3.96935E-1 3.1184E-1 2.16064E-1 2.88124E-1 2.43914E-1 1.78158E-1 2.00824E-1 1.93768E-1 1.92094E-1 2.2282E-1 2.39379E-1 -9999
-9999 -9999 -9999 -9999 -9999 2.18725E-1 2.52228E-1 2.77058E-1 3.2594E-1 3.10798E-1 4.13988E-1 4.82217E-1 5.50517E-1 4.49145E-1 3.55937E-1 3.40369E-1 2.52562E-1 1.51411E-1 1.18964E-1 9.26219E-2 8.9765E-2 1.33848E-1 1.84895E-1 -9999
-9999 -9999 -9999 -9999 -9999 1.87035E-1 2.05977E-1 2.24053E-1 2.65321E-1 3.51399E-1 4.75338E-1 5.65929E-1 5.67942E-1 4.86678E-1 3.7567E-1 3.10774E-1 2.34798E-1 1.71728E-1 1.10282E-1 7.29517E-2 6.36408E-2 8.60318E-2 -9999 -9999
-9999 -9999 -9999 -9999 -9999 1.61754E-1 1.73235E-1 1.95806E-1 2.08251E-1 2.74961E-1 3.68284E-1 4.54537E-1 4.26269E-1 3.76918E-1 3.06125E-1 2.53752E-1 3.35332E-1 1.69446E-1 1.30277E-1 9.31643E-2 5.59267E-2 -9999 -9999 -9999
-9999 -9999 -9999 -9999 -9999 1.47998E-1 1.84178E-1 2.22017E-1 2.70677E-1 3.4215E-1 3.70463E-1 4.32427E-1 4.52267E-1 4.01273E-1 2.942E-1 2.38566E-1 1.81247E-1 1.62178E-1 1.46061E-1 9.73922E-2 6.76401E-2 -9999 -9999 -9999
-9999 -9999 -9999 -9999 -9999 2.4366E-1 2.46013E-1 2.31193E-1 2.23442E-1 2.30204E-1 2.73452E-1 2.9646E-1 3.01585E-1 2.50366E-1 1.96048E-1 1.66198E-1 1.57625E-1 1.32747E-1 8.04695E-2 8.45976E-2 9.26953E-2 -9999 -9999 -9999
-9999 -9999 -9999 -9999 -9999 2.11287E-1 1.98554E-1 1.89804E-1 1.63253E-1 1.70654E-1 1.98138E-1 2.08217E-1 1.99946E-1 1.83947E-1 1.65754E-1 1.55651E-1 1.19635E-1 1.0695E-1 4.79065E-2 9.15873E-2 -9999 -9999 -9999 -9999
-9999 -9999 -9999 -9999 -9999 -9999 1.92999E-1 1.45639E-1 1.2882E-1 1.34141E-1 1.53278E-1 1.74155E-1 1.7085E-1 1.61061E-1 1.50214E-1 1.43237E-1 1.17345E-1 1.17913E-1 4.77313E-2 -9999 -9999 -9999 -9999 -9999
-9999 -9999 -9999 -9999 -9999 -9999 -9999 1.04541E-1 8.83794E-2 9.94266E-2 1.25029E-1 1.48087E-1 1.5345E-1 1.44452E-1 1.35737E-1 1.32706E-1 1.10908E-1 1.12744E-1 -9999 -9999 -9999 -9999 -9999 -9999
-9999 -9999 -9999 -9999 -9999 -9999 -9999 -9999 -9999 1.59614E-1 1.701E-1 1.6216E-1 1.61785E-1 1.39586E-1 1.29922E-1 1.27542E-1 -9999 -9999 -9999 -9999 -9999 -9999 -9999 -9999
-9999 -9999 -9999 -9999 -9999 -9999 -9999 -9999 -9999 -9999 1.27774E-1 1.69646E-1 1.7344E-1 1.62327E-1 -9999 -9999 -9999 -9999 -9999 -9999 -9999 -9999 -9999 -9999
