analysis/maxent/LEH/2014_2/ert.asc
ncols         24
nrows         22
xllcorner     -163.028494180372
yllcorner     19.3009582783358
cellsize      0.25
NODATA_value  -9999
-9999 -9999 -9999 -9999 -9999 -9999 -9999 -9999 -9999 -9999 -9999 -9999 -9999 -9999 -9999 -9999 -9999 -9999 -9999 -9999 -9999 -9999 -9999 -9999
-9999 -9999 -9999 -9999 -9999 -9999 -9999 -9999 -9999 -9999 -9999 -9999 -9999 -9999 -9999 -9999 -9999 -9999 -9999 -9999 -9999 -9999 -9999 -9999
-9999 -9999 -9999 -9999 -9999 -9999 -9999 -9999 3.91334E-1 4.64362E-1 3.66425E-1 3.34328E-1 2.7647E-1 2.43459E-1 2.46216E-1 -9999 -9999 -9999 -9999 -9999 -9999 -9999 -9999 -9999
-9999 -9999 -9999 -9999 -9999 -9999 3.03854E-1 2.89757E-1 3.75987E-1 3.87907E-1 3.51921E-1 3.17617E-1 2.98147E-1 2.71066E-1 2.01195E-1 2.45645E-1 2.91238E-1 -9999 -9999 -9999 -9999 -9999 -9999 -9999
-9999 -9999 -9999 -9999 -9999 5.17571E-1 3.33578E-1 1.99334E-1 3.2127E-1 3.48081E-1 3.35067E-1 3.34219E-1 3.35457E-1 3.54298E-1 3.55669E-1 3.59781E-1 3.94215E-1 3.83597E-1 -9999 -9999 -9999 -9999 -9999 -9999
-9999 -9999 -9999 -9999 -9999 6.66004E-1 5.20257E-1 2.49586E-1 3.7338E-1 4.00451E-1 3.86516E-1 3.72966E-1 4.0195E-1 4.6404E-1 5.21275E-1 5.44778E-1 4.96401E-1 3.4118E-1 3.10331E-1 -9999 -9999 -9999 -9999 -9999
-9999 -9999 -9999 -9999 -9999 6.2678E-1 7.26892E-1 3.90863E-1 2.57819E-1 3.13775E-1 4.40131E-1 4.27641E-1 4.51872E-1 5.41679E-1 5.80678E-1 6.47181E-1 5.6249E-1 4.20941E-1 2.46309E-1 2.13078E-1 -9999 -9999 -9999 -9999
-9999 -9999 -9999 -9999 -9999 7.40312E-1 7.93098E-1 7.21367E-1 6.80495E-1 3.49048E-1 5.07183E-1 4.79984E-1 4.35088E-1 2.87789E-1 3.63234E-1 3.42142E-1 2.84007E-1 3.40383E-1 3.39636E-1 2.38468E-1 1.56841E-1 -9999 -9999 -9999
-9999 -9999 -9999 -9999 -9999 8.30376E-1 8.12482E-1 7.16348E-1 7.20892E-1 4.7187E-1 4.51326E-1 4.17731E-1 2.57745E-1 4.99189E-1 7.23278E-1 6.13146E-1 3.91598E-1 2.16436E-1 3.57387E-1 2.72762E-1 2.29633E-1 1.80231E-1 -9999 -9999
-9999 -9999 -9999 -9999 -9999 6.10145E-1 6.38409E-1 7.15602E-1 6.99054E-1 5.36785E-1 3.90079E-1 4.02104E-1 5.95422E-1 7.18931E-1 5.92075E-1 5.28533E-1 3.61363E-1 1.93126E-1 3.50849E-1 3.01445E-1 2.92096E-1 2.61746E-1 -9999 -9999
-9999 -9999 -9999 -9999 -9999 5.34216E-1 5.49723E-1 5.88831E-1 6.38893E-1 7.34573E-1 8.46135E-1 6.82751E-1 6.59794E-1 2.63931E-1 2.62241E-1 3.50923E-1 3.77297E-1 2.77132E-1 1.49049E-1 1.37717E-1 1.76722E-1 2.17219E-1 1.38117E-1 -9999
-9999 -9999 -9999 -9999 -9999 5.24621E-1 5.29912E-1 5.83457E-1 7.34693E-1 8.26555E-1 7.36615E-1 6.09417E-1 5.56104E-1 3.14556E-1 3.75284E-1 5.4172E-1 5.50442E-1 4.03819E-1 4.52504E-1 4.66171E-1 4.78063E-1 5.13588E-1 3.58978E-1 -9999
-9999 -9999 -9999 -9999 -9999 5.05614E-1 5.09892E-1 5.59301E-1 7.83405E-1 7.79596E-1 8.1096E-1 8.4436E-1 8.78606E-1 8.46074E-1 7.70816E-1 8.26297E-1 7.95304E-1 6.18136E-1 5.15923E-1 4.15092E-1 3.79746E-1 5.07495E-1 5.36732E-1 -9999
-9999 -9999 -9999 -9999 -9999 5.1902E-1 5.23711E-1 5.88733E-1 7.59575E-1 9.29152E-1 9.41118E-1 8.44165E-1 8.14597E-1 8.91818E-1 9.25553E-1 7.8599E-1 6.16498E-1 8.10723E-1 6.22394E-1 3.91324E-1 3.47228E-1 4.04362E-1 -9999 -9999
-9999 -9999 -9999 -9999 -9999 6.01614E-1 5.98658E-1 5.9878E-1 6.51043E-1 6.81937E-1 6.70729E-1 6.04929E-1 5.72813E-1 6.6351E-1 8.17149E-1 6.87178E-1 7.46543E-1 8.45039E-1 7.82744E-1 5.83918E-1 4.09056E-1 -9999 -9999 -9999
-9999 -9999 -9999 -9999 -9999 6.00904E-1 6.23227E-1 6.76629E-1 7.52692E-1 8.58019E-1 7.89192E-1 7.53372E-1 7.20624E-1 6.70215E-1 5.94801E-1 6.51617E-1 6.38718E-1 7.35562E-1 8.21111E-1 8.17615E-1 5.42921E-1 -9999 -9999 -9999
-9999 -9999 -9999 -9999 -9999 8.06308E-1 8.0216E-1 7.83432E-1 7.94817E-1 8.32363E-1 7.82841E-1 7.29269E-1 6.73676E-1 6.24953E-1 5.87601E-1 6.58074E-1 7.8807E-1 8.38317E-1 6.59389E-1 6.31425E-1 8.70551E-1 -9999 -9999 -9999
-9999 -9999 -9999 -9999 -9999 7.86847E-1 7.817E-1 7.9479E-1 8.2442E-1 8.3508E-1 7.73591E-1 6.97284E-1 6.65464E-1 6.54829E-1 6.51472E-1 6.87177E-1 7.85265E-1 7.77778E-1 6.32991E-1 5.51728E-1 -9999 -9999 -9999 -9999
-9999 -9999 -9999 -9999 -9999 -9999 8.8837E-1 8.28684E-1 8.28428E-1 8.20362E-1 7.83341E-1 7.24191E-1 7.40439E-1 7.43359E-1 7.30139E-1 7.2535E-1 7.44441E-1 7.4778E-1 6.61876E-1 -9999 -9999 -9999 -9999 -9999
-9999 -9999 -9999 -9999 -9999 -9999 -9999 8.11124E-1 8.02437E-1 8.00701E-1 8.12221E-1 7.80438E-1 7.6462E-1 7.84418E-1 7.85308E-1 7.68401E-1 7.46065E-1 7.85033E-1 -9999 -9999 -9999 -9999 -9999 -9999
-9999 -9999 -9999 -9999 -9999 -9999 -9999 -9999 -9999 9.64119E-1 9.54675E-1 9.03777E-1 8.23262E-1 7.84208E-1 8.00197E-1 7.72391E-1 -9999 -9999 -9999 -9999 -9999 -9999 -9999 -9999
-9999 -9999 -9999 -9999 -9999 -9999 -9999 -9999 -9999 -9999 9.68301E-1 9.52665E-1 9.03963E-1 8.22891E-1 -9999 -9999 -9999 -9999 -9999 -9999 -9999 -9999 -9999 -9999
