analysis/maxent/LEH/2014_2/ert.asc
ncols         24
nrows         22
xllcorner     -163.028494180372
yllcorner     19.3009582783358
cellsize      0.25
NODATA_value  -9999
-9999 -9999 -9999 -9999 -9999 -9999 -9999 -9999 -9999 -9999 -9999 -9999 -9999 -9999 -9999 -9999 -9999 -9999 -9999 -9999 -9999 -9999 -9999 -9999
-9999 -9999 -9999 -9999 -9999 -9999 -9999 -9999 -9999 -9999 -9999 -9999 -9999 -9999 -9999 -9999 -9999 -9999 -9999 -9999 -9999 -9999 -9999 -9999
-9999 -9999 -9999 -9999 -9999 -9999 -9999 -9999 1.18624E-1 9.0723E-2 7.03009E-2 4.81661E-2 4.98634E-2 7.34112E-2 8.42777E-2 -9999 -9999 -9999 -9999 -9999 -9999 -9999 -9999 -9999
-9999 -9999 -9999 -9999 -9999 -9999 6.75517E-2 1.33828E-1 2.16592E-1 2.13862E-1 2.22992E-1 2.54052E-1 2.62691E-1 2.45182E-1 1.71498E-1 1.85311E-1 1.88713E-1 -9999 -9999 -9999 -9999 -9999 -9999 -9999
-9999 -9999 -9999 -9999 -9999 4.11418E-2 9.09174E-2 2.66302E-1 4.98387E-1 4.55677E-1 4.72225E-1 4.79115E-1 5.00413E-1 5.15385E-1 5.42824E-1 4.85255E-1 3.75741E-1 1.28582E-1 -9999 -9999 -9999 -9999 -9999 -9999
-9999 -9999 -9999 -9999 -9999 5.28068E-2 1.98778E-1 2.57111E-1 5.48984E-1 4.92439E-1 5.03961E-1 5.29742E-1 5.04048E-1 5.01787E-1 5.34498E-1 5.65924E-1 4.92759E-1 2.894E-1 7.17248E-2 -9999 -9999 -9999 -9999 -9999
-9999 -9999 -9999 -9999 -9999 5.76556E-2 1.76007E-1 2.47176E-1 3.36127E-1 5.28433E-1 5.92961E-1 5.87964E-1 5.55265E-1 5.57571E-1 5.73853E-1 5.31141E-1 5.34792E-1 4.57782E-1 1.40711E-1 3.47679E-2 -9999 -9999 -9999 -9999
-9999 -9999 -9999 -9999 -9999 6.14036E-2 1.32236E-1 1.95343E-1 3.03622E-1 4.27162E-1 6.7556E-1 6.49593E-1 7.64001E-1 5.701E-1 4.6258E-1 4.15008E-1 3.31644E-1 4.58132E-1 4.42887E-1 1.00737E-1 3.12466E-2 -9999 -9999 -9999
-9999 -9999 -9999 -9999 -9999 7.64944E-2 1.0358E-1 1.32079E-1 2.52338E-1 4.53655E-1 8.06801E-1 8.00733E-1 5.542E-1 5.51953E-1 4.75859E-1 3.89649E-1 3.23083E-1 3.50978E-1 4.17025E-1 3.538E-1 1.6029E-1 7.8734E-2 -9999 -9999
-9999 -9999 -9999 -9999 -9999 7.89672E-2 1.2264E-1 1.65494E-1 2.82931E-1 4.09445E-1 5.16947E-1 5.40784E-1 5.36226E-1 4.81659E-1 4.40889E-1 4.07957E-1 3.52387E-1 3.99407E-1 3.76287E-1 3.98981E-1 1.668E-1 1.33174E-1 -9999 -9999
-9999 -9999 -9999 -9999 -9999 1.20142E-1 1.50059E-1 1.85764E-1 2.5739E-1 3.93027E-1 5.37676E-1 5.39154E-1 4.21345E-1 3.04828E-1 2.49494E-1 3.39244E-1 3.48737E-1 2.88575E-1 2.54159E-1 2.50764E-1 1.14677E-1 9.80281E-2 7.47608E-2 -9999
-9999 -9999 -9999 -9999 -9999 1.19906E-1 1.45851E-1 1.81381E-1 2.41644E-1 3.07563E-1 3.78988E-1 3.96923E-1 4.02308E-1 3.11844E-1 2.11292E-1 2.89727E-1 2.7911E-1 1.96288E-1 1.94555E-1 1.77459E-1 7.94712E-2 4.19165E-2 4.63675E-2 -9999
-9999 -9999 -9999 -9999 -9999 1.02346E-1 1.23796E-1 1.44895E-1 1.89303E-1 2.03172E-1 3.24454E-1 4.31661E-1 5.32729E-1 4.40208E-1 3.48909E-1 3.38794E-1 2.74798E-1 1.63108E-1 1.17835E-1 8.67663E-2 4.39422E-2 4.65975E-2 4.74345E-2 -9999
-9999 -9999 -9999 -9999 -9999 8.59577E-2 1.02464E-1 1.19118E-1 1.54652E-1 2.3332E-1 3.67564E-1 4.92747E-1 5.30667E-1 4.6975E-1 3.63198E-1 3.01851E-1 2.49967E-1 1.75279E-1 1.06836E-1 6.76523E-2 3.07937E-2 2.91907E-2 -9999 -9999
-9999 -9999 -9999 -9999 -9999 6.96969E-2 8.58018E-2 1.03594E-1 1.19905E-1 1.7698E-1 2.65792E-1 3.64596E-1 3.66778E-1 3.42894E-1 2.90604E-1 2.48887E-1 3.3885E-1 1.77125E-1 1.26121E-1 3.08888E-2 8.6529E-3 -9999 -9999 -9999
-9999 -9999 -9999 -9999 -9999 6.28209E-2 8.63018E-2 1.19062E-1 1.58934E-1 2.20958E-1 2.60497E-1 3.32474E-1 3.75191E-1 3.58726E-1 2.96213E-1 2.69592E-1 1.91152E-1 1.65776E-1 1.05137E-1 2.14168E-2 1.06039E-2 -9999 -9999 -9999
-9999 -9999 -9999 -9999 -9999 5.44294E-2 1.20512E-1 1.29309E-1 1.32291E-1 1.43953E-1 1.85507E-1 2.22781E-1 2.39789E-1 2.32859E-1 2.01656E-1 1.78506E-1 1.63471E-1 1.17538E-1 3.04935E-2 2.4002E-2 2.24437E-2 -9999 -9999 -9999
-9999 -9999 -9999 -9999 -9999 2.20513E-2 7.34228E-2 1.00813E-1 9.86464E-2 1.11838E-1 1.40457E-1 1.6114E-1 1.6669E-1 1.68361E-1 1.60978E-1 1.58366E-1 1.40731E-1 4.83496E-2 1.63279E-2 2.61536E-2 -9999 -9999 -9999 -9999
-9999 -9999 -9999 -9999 -9999 -9999 5.2686E-2 5.34254E-2 6.04568E-2 7.38285E-2 9.90201E-2 1.19838E-1 1.2199E-1 1.19617E-1 1.16694E-1 1.12511E-1 7.81554E-2 4.52658E-2 1.62886E-2 -9999 -9999 -9999 -9999 -9999
-9999 -9999 -9999 -9999 -9999 -9999 -9999 3.82695E-2 1.47878E-2 7.73093E-3 1.10005E-2 1.37844E-2 1.52116E-2 1.56234E-2 1.9612E-2 3.83114E-2 7.37854E-2 4.32151E-2 -9999 -9999 -9999 -9999 -9999 -9999
-9999 -9999 -9999 -9999 -9999 -9999 -9999 -9999 -9999 6.72784E-3 7.78917E-3 5.80041E-3 7.7983E-3 7.20794E-3 1.87317E-2 3.67675E-2 -9999 -9999 -9999 -9999 -9999 -9999 -9999 -9999
-9999 -9999 -9999 -9999 -9999 -9999 -9999 -9999 -9999 -9999 5.66922E-3 6.03096E-3 8.33843E-3 8.44075E-3 -9999 -9999 -9999 -9999 -9999 -9999 -9999 -9999 -9999 -9999
