analysis/maxent/MCB/2015_1/d2c.asc
ncols         24
nrows         23
xllcorner     -160.646264043509
yllcorner     18.5647826907947
cellsize      0.25
NODATA_value  -9999
9.7132E-2 1.1548E-1 1.21318E-1 1.20919E-1 1.19459E-1 1.23963E-1 1.27747E-1 1.36625E-1 1.18544E-1 8.48309E-2 7.73181E-2 7.51512E-2 7.83645E-2 8.20415E-2 -9999 -9999 -9999 -9999 -9999 -9999 -9999 -9999 -9999 -9999
9.69101E-2 1.20768E-1 1.36069E-1 1.4043E-1 1.20564E-1 9.0665E-2 1.08554E-1 1.1399E-1 1.03347E-1 9.64441E-2 8.03805E-2 7.53802E-2 7.46649E-2 7.19023E-2 -9999 -9999 -9999 -9999 -9999 -9999 -9999 -9999 -9999 -9999
9.63225E-2 1.02629E-1 1.14401E-1 1.24104E-1 1.38682E-1 1.34439E-1 1.29211E-1 1.29946E-1 1.19401E-1 9.42957E-2 9.29321E-2 9.29083E-2 8.95565E-2 8.42981E-2 -9999 -9999 -9999 -9999 -9999 -9999 -9999 -9999 -9999 -9999
8.58926E-2 9.34241E-2 9.35225E-2 9.56749E-2 1.10745E-1 1.36796E-1 1.57186E-1 1.57742E-1 1.28865E-1 1.39234E-1 1.77726E-1 1.79116E-1 1.70135E-1 1.56983E-1 -9999 -9999 -9999 -9999 -9999 -9999 -9999 -9999 -9999 -9999
9.02976E-2 7.8269E-2 7.50325E-2 7.52613E-2 9.72342E-2 1.28643E-1 2.22551E-1 3.4447E-1 2.5107E-1 2.23908E-1 2.98212E-1 2.72836E-1 2.53675E-1 2.39106E-1 -9999 -9999 -9999 -9999 -9999 -9999 -9999 -9999 -9999 -9999
5.58147E-2 6.20272E-2 6.67138E-2 8.69913E-2 5.70723E-2 1.28103E-1 2.11205E-1 3.34044E-1 5.13688E-1 5.19596E-1 4.66749E-1 4.0855E-1 3.45644E-1 3.07886E-1 -9999 -9999 -9999 -9999 -9999 -9999 -9999 -9999 -9999 -9999
3.62283E-2 7.62785E-2 6.20672E-2 3.16391E-2 5.16915E-2 9.74502E-2 1.5514E-1 2.39328E-1 5.5789E-1 6.00818E-1 6.72806E-1 6.7397E-1 5.89424E-1 4.62365E-1 -9999 -9999 -9999 -9999 -9999 -9999 -9999 -9999 -9999 -9999
2.80995E-2 2.791E-2 2.60365E-2 2.61782E-2 4.00536E-2 8.11587E-2 1.53519E-1 2.67002E-1 5.63369E-1 6.25265E-1 6.95451E-1 7.21665E-1 7.82495E-1 6.61442E-1 -9999 -9999 -9999 -9999 -9999 -9999 -9999 -9999 -9999 -9999
1.99631E-2 1.17988E-2 8.91295E-3 1.25497E-2 2.54685E-2 5.02522E-2 1.32268E-1 2.27046E-1 3.64153E-1 6.04593E-1 7.71337E-1 9.46109E-1 8.95538E-1 5.56012E-1 -9999 -9999 -9999 -9999 -9999 -9999 -9999 -9999 -9999 -9999
1.11053E-2 6.5569E-3 7.49131E-3 1.41015E-2 2.30371E-2 4.59781E-2 1.06592E-1 1.23363E-1 1.90321E-1 3.91385E-1 5.57017E-1 7.67375E-1 8.25971E-1 7.14764E-1 -9999 -9999 -9999 -9999 -9999 -9999 -9999 -9999 -9999 -9999
8.79212E-3 7.64097E-3 1.18433E-2 2.64881E-2 3.55235E-2 6.605E-2 1.1557E-1 1.04227E-1 1.37546E-1 2.75568E-1 4.75957E-1 7.27769E-1 8.23755E-1 7.80312E-1 -9999 -9999 -9999 -9999 -9999 -9999 -9999 -9999 -9999 -9999
1.47969E-2 1.75358E-2 2.59785E-2 4.18617E-2 5.26095E-2 8.33948E-2 1.49814E-1 1.38528E-1 1.30638E-1 2.19846E-1 4.18302E-1 7.29019E-1 7.17992E-1 5.48042E-1 -9999 -9999 -9999 -9999 -9999 -9999 -9999 -9999 -9999 -9999
2.48904E-2 2.67639E-2 3.51549E-2 5.45465E-2 7.23876E-2 9.8031E-2 1.97806E-1 1.77088E-1 1.38397E-1 2.09121E-1 2.55911E-1 3.86331E-1 3.96037E-1 2.90383E-1 -9999 -9999 -9999 -9999 -9999 -9999 -9999 -9999 -9999 -9999
4.40356E-2 4.04995E-2 4.52255E-2 8.24288E-2 1.12293E-1 1.3138E-1 1.62618E-1 1.60675E-1 1.72351E-1 2.04018E-1 1.83937E-1 1.66163E-1 1.70594E-1 1.35889E-1 -9999 -9999 -9999 -9999 -9999 -9999 -9999 -9999 -9999 -9999
3.94919E-2 3.68481E-2 3.51406E-2 5.29513E-2 8.31884E-2 9.06963E-2 1.04115E-1 1.13226E-1 1.49915E-1 1.98472E-1 2.01614E-1 1.34132E-1 1.24484E-1 8.56636E-2 -9999 -9999 -9999 -9999 -9999 -9999 -9999 -9999 -9999 -9999
3.51437E-2 3.08819E-2 2.82365E-2 3.0913E-2 5.1277E-2 7.17686E-2 8.36844E-2 9.77144E-2 1.26804E-1 1.65774E-1 2.19844E-1 2.471E-1 1.57001E-1 7.51898E-2 -9999 -9999 -9999 -9999 -9999 -9999 -9999 -9999 -9999 -9999
3.18452E-2 2.96281E-2 2.58305E-2 2.37248E-2 3.15226E-2 4.93352E-2 6.93778E-2 8.30602E-2 1.00297E-1 1.13995E-1 1.22721E-1 1.35685E-1 1.20251E-1 1.01026E-1 -9999 -9999 -9999 -9999 -9999 -9999 -9999 -9999 -9999 -9999
2.96294E-2 3.0019E-2 2.69353E-2 2.30595E-2 2.19224E-2 2.91793E-2 4.48472E-2 6.38726E-2 7.34576E-2 8.21725E-2 8.47861E-2 8.82452E-2 8.60266E-2 9.76128E-2 -9999 -9999 -9999 -9999 -9999 -9999 -9999 -9999 -9999 -9999
5.03586E-2 4.37292E-2 3.5866E-2 2.70445E-2 2.18098E-2 2.09818E-2 2.46368E-2 3.42954E-2 4.51482E-2 5.79315E-2 6.52185E-2 6.65614E-2 6.89265E-2 7.42798E-2 -9999 -9999 -9999 -9999 -9999 -9999 -9999 -9999 -9999 -9999
3.81474E-2 4.82519E-2 4.44978E-2 3.74745E-2 2.60017E-2 2.21206E-2 2.06073E-2 2.05291E-2 2.46695E-2 2.8965E-2 3.4452E-2 3.68593E-2 3.46678E-2 2.62399E-2 -9999 -9999 -9999 -9999 -9999 -9999 -9999 -9999 -9999 -9999
-9999 -9999 -9999 -9999 -9999 -9999 -9999 -9999 -9999 -9999 -9999 -9999 -9999 -9999 -9999 -9999 -9999 -9999 -9999 -9999 -9999 -9999 -9999 -9999
-9999 -9999 -9999 -9999 -9999 -9999 -9999 -9999 -9999 -9999 -9999 -9999 -9999 -9999 -9999 -9999 -9999 -9999 -9999 -9999 -9999 -9999 -9999 -9999
-9999 -9999 -9999 -9999 -9999 -9999 -9999 -9999 -9999 -9999 -9999 -9999 -9999 -9999 -9999 -9999 -9999 -9999 -9999 -9999 -9999 -9999 -9999 -9999
