analysis/maxent/MCB/2015_1/d2c.asc
ncols         24
nrows         23
xllcorner     -160.646264043509
yllcorner     18.5647826907947
cellsize      0.25
NODATA_value  -9999
1.94772E-1 1.60448E-1 1.30882E-1 1.07946E-1 9.62583E-2 9.38329E-2 8.79836E-2 8.01105E-2 6.08593E-2 3.96651E-2 3.39763E-2 3.23634E-2 3.2735E-2 3.3758E-2 -9999 -9999 -9999 -9999 -9999 -9999 -9999 -9999 -9999 -9999
2.11603E-1 1.9514E-1 1.78517E-1 1.59999E-1 1.25166E-1 8.62339E-2 9.14528E-2 8.25324E-2 6.1575E-2 5.06016E-2 3.90721E-2 3.44483E-2 3.32811E-2 3.32391E-2 -9999 -9999 -9999 -9999 -9999 -9999 -9999 -9999 -9999 -9999
2.0929E-1 1.97068E-1 1.88412E-1 1.79624E-1 1.70591E-1 1.41453E-1 1.17537E-1 1.03721E-1 8.35039E-2 5.62465E-2 5.2594E-2 4.90871E-2 4.55204E-2 4.36816E-2 -9999 -9999 -9999 -9999 -9999 -9999 -9999 -9999 -9999 -9999
2.08326E-1 2.05722E-1 2.00302E-1 1.8846E-1 1.73181E-1 1.58306E-1 1.41056E-1 1.31597E-1 9.8255E-2 9.46539E-2 1.02791E-1 9.51037E-2 8.67292E-2 8.15487E-2 -9999 -9999 -9999 -9999 -9999 -9999 -9999 -9999 -9999 -9999
2.24031E-1 2.20798E-1 2.17304E-1 2.03385E-1 1.80838E-1 1.71394E-1 2.20587E-1 2.63413E-1 1.69086E-1 1.48058E-1 1.75652E-1 1.51252E-1 1.34338E-1 1.22653E-1 -9999 -9999 -9999 -9999 -9999 -9999 -9999 -9999 -9999 -9999
1.73755E-1 2.34316E-1 2.33596E-1 2.14583E-1 1.06562E-1 1.52849E-1 1.74932E-1 2.4953E-1 3.81733E-1 3.75721E-1 3.10144E-1 2.42432E-1 1.94298E-1 1.69419E-1 -9999 -9999 -9999 -9999 -9999 -9999 -9999 -9999 -9999 -9999
1.28544E-1 2.50175E-1 2.01789E-1 9.7576E-2 1.07668E-1 1.16105E-1 1.40883E-1 1.99293E-1 4.72603E-1 5.0235E-1 5.05839E-1 4.6825E-1 3.77427E-1 2.71598E-1 -9999 -9999 -9999 -9999 -9999 -9999 -9999 -9999 -9999 -9999
1.12204E-1 1.09014E-1 9.92335E-2 9.08572E-2 7.81062E-2 9.89868E-2 1.5579E-1 2.47922E-1 5.62573E-1 6.02792E-1 6.27829E-1 6.42901E-1 6.22476E-1 4.5734E-1 -9999 -9999 -9999 -9999 -9999 -9999 -9999 -9999 -9999 -9999
8.70011E-2 4.90498E-2 3.71854E-2 4.49342E-2 4.49199E-2 6.55137E-2 1.47131E-1 2.39902E-1 3.58906E-1 5.99539E-1 7.58656E-1 9.27054E-1 8.47597E-1 4.79596E-1 -9999 -9999 -9999 -9999 -9999 -9999 -9999 -9999 -9999 -9999
5.0077E-2 2.93931E-2 3.24964E-2 5.15353E-2 5.90321E-2 8.93081E-2 1.53551E-1 1.59399E-1 2.39082E-1 4.61358E-1 6.04173E-1 7.99738E-1 8.38858E-1 6.95707E-1 -9999 -9999 -9999 -9999 -9999 -9999 -9999 -9999 -9999 -9999
4.23297E-2 3.60878E-2 5.48598E-2 9.83458E-2 1.13701E-1 1.6828E-1 2.52875E-1 2.11634E-1 2.80248E-1 4.2812E-1 5.83192E-1 8.14069E-1 8.68948E-1 8.03362E-1 -9999 -9999 -9999 -9999 -9999 -9999 -9999 -9999 -9999 -9999
7.37828E-2 8.57369E-2 1.25188E-1 1.65963E-1 1.8837E-1 2.81574E-1 4.47205E-1 4.18296E-1 4.40016E-1 5.50389E-1 6.62894E-1 8.92647E-1 8.34022E-1 6.28302E-1 -9999 -9999 -9999 -9999 -9999 -9999 -9999 -9999 -9999 -9999
1.24195E-1 1.29519E-1 1.66102E-1 2.25802E-1 2.70063E-1 3.43628E-1 5.60252E-1 5.30478E-1 4.83566E-1 6.57955E-1 6.57964E-1 7.18429E-1 6.3299E-1 4.2177E-1 -9999 -9999 -9999 -9999 -9999 -9999 -9999 -9999 -9999 -9999
2.16212E-1 1.97399E-1 2.15978E-1 3.39257E-1 3.93717E-1 4.3932E-1 5.03342E-1 5.07078E-1 5.39376E-1 6.59888E-1 6.09707E-1 5.08088E-1 4.72513E-1 3.62529E-1 -9999 -9999 -9999 -9999 -9999 -9999 -9999 -9999 -9999 -9999
2.05236E-1 1.8981E-1 1.78045E-1 2.55281E-1 3.23354E-1 3.46668E-1 3.81677E-1 3.9713E-1 4.8657E-1 5.896E-1 6.40372E-1 4.61981E-1 4.25448E-1 2.82089E-1 -9999 -9999 -9999 -9999 -9999 -9999 -9999 -9999 -9999 -9999
1.90574E-1 1.66543E-1 1.50067E-1 1.63932E-1 2.39276E-1 2.93591E-1 3.29284E-1 3.65276E-1 4.34907E-1 5.15067E-1 6.07271E-1 6.4271E-1 4.67168E-1 2.31104E-1 -9999 -9999 -9999 -9999 -9999 -9999 -9999 -9999 -9999 -9999
1.76678E-1 1.62682E-1 1.40943E-1 1.2926E-1 1.74007E-1 2.32228E-1 2.87083E-1 3.28702E-1 3.73586E-1 4.00751E-1 4.10827E-1 4.29754E-1 3.77682E-1 2.88363E-1 -9999 -9999 -9999 -9999 -9999 -9999 -9999 -9999 -9999 -9999
1.66738E-1 1.66469E-1 1.48264E-1 1.28273E-1 1.22781E-1 1.65118E-1 2.17803E-1 2.67744E-1 2.95631E-1 3.15312E-1 3.13263E-1 3.14059E-1 2.96911E-1 3.09618E-1 -9999 -9999 -9999 -9999 -9999 -9999 -9999 -9999 -9999 -9999
2.665E-1 2.35667E-1 1.9475E-1 1.48088E-1 1.23248E-1 1.18107E-1 1.39078E-1 1.79886E-1 2.10237E-1 2.40358E-1 2.52864E-1 2.49853E-1 2.50082E-1 2.57607E-1 -9999 -9999 -9999 -9999 -9999 -9999 -9999 -9999 -9999 -9999
2.58563E-1 2.65171E-1 2.36273E-1 1.9959E-1 1.40468E-1 1.22473E-1 1.14411E-1 1.12022E-1 1.32625E-1 1.50334E-1 1.64803E-1 1.67374E-1 1.54389E-1 1.18047E-1 -9999 -9999 -9999 -9999 -9999 -9999 -9999 -9999 -9999 -9999
-9999 -9999 -9999 -9999 -9999 -9999 -9999 -9999 -9999 -9999 -9999 -9999 -9999 -9999 -9999 -9999 -9999 -9999 -9999 -9999 -9999 -9999 -9999 -9999
-9999 -9999 -9999 -9999 -9999 -9999 -9999 -9999 -9999 -9999 -9999 -9999 -9999 -9999 -9999 -9999 -9999 -9999 -9999 -9999 -9999 -9999 -9999 -9999
-9999 -9999 -9999 -9999 -9999 -9999 -9999 -9999 -9999 -9999 -9999 -9999 -9999 -9999 -9999 -9999 -9999 -9999 -9999 -9999 -9999 -9999 -9999 -9999
