analysis/maxent/MCB/2015_1/d2c_clamping.asc
ncols         24
nrows         23
xllcorner     -160.646264043509
yllcorner     18.5647826907947
cellsize      0.25
NODATA_value  -9999
9.60072E-2 1.13235E-1 1.17516E-1 1.15057E-1 1.10858E-1 1.11221E-1 1.09831E-1 1.1164E-1 9.19991E-2 6.28982E-2 5.52298E-2 5.26969E-2 5.52089E-2 5.94109E-2 -9999 -9999 -9999 -9999 -9999 -9999 -9999 -9999 -9999 -9999
9.49433E-2 1.16569E-1 1.28273E-1 1.27733E-1 1.04239E-1 7.31085E-2 7.92219E-2 7.33464E-2 5.74999E-2 4.60175E-2 3.37396E-2 2.9539E-2 2.98554E-2 3.1864E-2 -9999 -9999 -9999 -9999 -9999 -9999 -9999 -9999 -9999 -9999
9.30252E-2 9.6559E-2 1.03069E-1 1.04279E-1 1.04316E-1 8.54231E-2 6.31535E-2 4.13925E-2 1.69884E-2 0E0 0E0 0E0 0E0 0E0 -9999 -9999 -9999 -9999 -9999 -9999 -9999 -9999 -9999 -9999
8.11638E-2 8.4371E-2 7.81303E-2 6.98371E-2 6.34177E-2 4.8474E-2 1.26624E-2 0E0 0E0 0E0 0E0 0E0 0E0 0E0 -9999 -9999 -9999 -9999 -9999 -9999 -9999 -9999 -9999 -9999
8.26173E-2 6.64311E-2 5.53778E-2 4.22142E-2 2.82396E-2 4.57058E-6 0E0 0E0 0E0 0E0 0E0 0E0 0E0 0E0 -9999 -9999 -9999 -9999 -9999 -9999 -9999 -9999 -9999 -9999
4.8963E-2 4.80874E-2 4.0117E-2 2.74322E-2 0E0 0E0 0E0 0E0 0E0 0E0 0E0 0E0 0E0 0E0 -9999 -9999 -9999 -9999 -9999 -9999 -9999 -9999 -9999 -9999
3.00902E-2 5.18691E-2 2.63839E-2 0E0 0E0 0E0 0E0 0E0 0E0 0E0 0E0 0E0 0E0 0E0 -9999 -9999 -9999 -9999 -9999 -9999 -9999 -9999 -9999 -9999
2.18592E-2 1.6165E-2 5.7794E-3 0E0 0E0 0E0 0E0 0E0 0E0 0E0 0E0 0E0 0E0 0E0 -9999 -9999 -9999 -9999 -9999 -9999 -9999 -9999 -9999 -9999
1.44979E-2 5.59586E-3 6.46002E-5 0E0 0E0 0E0 0E0 0E0 0E0 0E0 0E0 0E0 0E0 0E0 -9999 -9999 -9999 -9999 -9999 -9999 -9999 -9999 -9999 -9999
7.59346E-3 2.51874E-3 0E0 0E0 0E0 0E0 0E0 0E0 0E0 0E0 0E0 0E0 0E0 0E0 -9999 -9999 -9999 -9999 -9999 -9999 -9999 -9999 -9999 -9999
5.78021E-3 2.49854E-3 0E0 0E0 0E0 0E0 0E0 0E0 0E0 0E0 0E0 0E0 0E0 0E0 -9999 -9999 -9999 -9999 -9999 -9999 -9999 -9999 -9999 -9999
9.65222E-3 5.54532E-3 0E0 0E0 0E0 0E0 0E0 0E0 0E0 0E0 0E0 0E0 0E0 0E0 -9999 -9999 -9999 -9999 -9999 -9999 -9999 -9999 -9999 -9999
1.66935E-2 9.51701E-3 0E0 0E0 0E0 0E0 0E0 0E0 0E0 0E0 0E0 0E0 0E0 0E0 -9999 -9999 -9999 -9999 -9999 -9999 -9999 -9999 -9999 -9999
3.1246E-2 1.77094E-2 0E0 0E0 0E0 0E0 0E0 0E0 0E0 0E0 0E0 0E0 0E0 0E0 -9999 -9999 -9999 -9999 -9999 -9999 -9999 -9999 -9999 -9999
3.01111E-2 2.00415E-2 5.0543E-3 0E0 0E0 0E0 0E0 0E0 0E0 0E0 0E0 0E0 0E0 0E0 -9999 -9999 -9999 -9999 -9999 -9999 -9999 -9999 -9999 -9999
2.87126E-2 2.0169E-2 1.01055E-2 0E0 0E0 0E0 0E0 0E0 0E0 0E0 0E0 0E0 0E0 0E0 -9999 -9999 -9999 -9999 -9999 -9999 -9999 -9999 -9999 -9999
2.75964E-2 2.22469E-2 1.41427E-2 4.79409E-3 0E0 0E0 0E0 0E0 0E0 0E0 0E0 0E0 0E0 0E0 -9999 -9999 -9999 -9999 -9999 -9999 -9999 -9999 -9999 -9999
2.68927E-2 2.49311E-2 1.88135E-2 1.1081E-2 2.98841E-3 0E0 0E0 0E0 0E0 0E0 0E0 0E0 0E0 0E0 -9999 -9999 -9999 -9999 -9999 -9999 -9999 -9999 -9999 -9999
4.72604E-2 3.89071E-2 2.89944E-2 1.83377E-2 1.04308E-2 3.96432E-3 0E0 0E0 0E0 0E0 0E0 0E0 0E0 0E0 -9999 -9999 -9999 -9999 -9999 -9999 -9999 -9999 -9999 -9999
3.66797E-2 4.49627E-2 3.93237E-2 3.03023E-2 1.81386E-2 1.19741E-2 6.93477E-3 1.81824E-3 0E0 0E0 0E0 0E0 0E0 0E0 -9999 -9999 -9999 -9999 -9999 -9999 -9999 -9999 -9999 -9999
-9999 -9999 -9999 -9999 -9999 -9999 -9999 -9999 -9999 -9999 -9999 -9999 -9999 -9999 -9999 -9999 -9999 -9999 -9999 -9999 -9999 -9999 -9999 -9999
-9999 -9999 -9999 -9999 -9999 -9999 -9999 -9999 -9999 -9999 -9999 -9999 -9999 -9999 -9999 -9999 -9999 -9999 -9999 -9999 -9999 -9999 -9999 -9999
-9999 -9999 -9999 -9999 -9999 -9999 -9999 -9999 -9999 -9999 -9999 -9999 -9999 -9999 -9999 -9999 -9999 -9999 -9999 -9999 -9999 -9999 -9999 -9999
