analysis/maxent/MCB/2015_1/envonly.asc
ncols         24
nrows         23
xllcorner     -160.646264043509
yllcorner     18.5647826907947
cellsize      0.25
NODATA_value  -9999
3.39679E-1 4.31184E-1 4.79993E-1 5.00102E-1 5.00691E-1 5.21317E-1 5.41038E-1 5.59382E-1 5.13124E-1 5.11833E-1 5.75555E-1 5.68997E-1 5.57926E-1 5.82348E-1 -9999 -9999 -9999 -9999 -9999 -9999 -9999 -9999 -9999 -9999
3.81514E-1 4.54806E-1 5.21684E-1 5.38704E-1 4.81577E-1 3.85787E-1 4.58517E-1 4.85713E-1 4.60101E-1 4.63562E-1 5.19532E-1 5.91974E-1 6.15881E-1 6.56275E-1 -9999 -9999 -9999 -9999 -9999 -9999 -9999 -9999 -9999 -9999
3.7874E-1 4.21237E-1 4.62491E-1 5.05279E-1 5.50553E-1 5.2817E-1 5.27371E-1 5.36776E-1 5.06602E-1 4.29206E-1 4.75516E-1 5.26381E-1 5.63675E-1 5.59145E-1 -9999 -9999 -9999 -9999 -9999 -9999 -9999 -9999 -9999 -9999
3.55613E-1 3.74661E-1 3.97542E-1 4.40737E-1 5.0679E-1 5.83045E-1 6.17786E-1 5.24591E-1 3.92413E-1 4.75378E-1 4.45157E-1 4.80459E-1 5.23617E-1 5.41086E-1 -9999 -9999 -9999 -9999 -9999 -9999 -9999 -9999 -9999 -9999
2.97368E-1 3.0576E-1 3.20601E-1 3.65276E-1 4.52104E-1 5.54566E-1 6.32593E-1 6.65096E-1 4.09233E-1 4.28555E-1 4.25299E-1 4.37701E-1 4.8082E-1 5.13987E-1 -9999 -9999 -9999 -9999 -9999 -9999 -9999 -9999 -9999 -9999
1.71682E-1 2.73522E-1 2.79875E-1 2.74518E-1 1.90662E-1 2.91356E-1 3.6163E-1 4.76455E-1 6.61304E-1 6.20958E-1 5.16961E-1 4.46871E-1 4.32843E-1 4.70347E-1 -9999 -9999 -9999 -9999 -9999 -9999 -9999 -9999 -9999 -9999
1.20643E-1 2.64333E-1 2.03174E-1 1.44105E-1 3.32868E-1 5.27893E-1 5.43646E-1 3.90719E-1 6.5026E-1 6.67682E-1 6.56329E-1 6.37773E-1 5.67339E-1 4.67371E-1 -9999 -9999 -9999 -9999 -9999 -9999 -9999 -9999 -9999 -9999
1.25603E-1 1.33084E-1 1.58758E-1 2.81804E-1 3.3562E-1 5.15148E-1 6.29235E-1 3.7124E-1 6.2067E-1 6.44719E-1 6.769E-1 6.95651E-1 7.11716E-1 5.72961E-1 -9999 -9999 -9999 -9999 -9999 -9999 -9999 -9999 -9999 -9999
2.18306E-1 2.35741E-1 1.92685E-1 1.12533E-1 9.04957E-2 3.31582E-1 5.88653E-1 5.51793E-1 3.39984E-1 4.02609E-1 4.50918E-1 6.53777E-1 5.66436E-1 4.81899E-1 -9999 -9999 -9999 -9999 -9999 -9999 -9999 -9999 -9999 -9999
2.25166E-1 1.30591E-1 1.09285E-1 1.01322E-1 7.38285E-2 2.4463E-1 4.44781E-1 4.64214E-1 5.51564E-1 6.58001E-1 6.87967E-1 7.42297E-1 6.245E-1 6.10919E-1 -9999 -9999 -9999 -9999 -9999 -9999 -9999 -9999 -9999 -9999
1.8772E-1 1.67479E-1 1.89524E-1 2.079E-1 1.91477E-1 2.59904E-1 3.33271E-1 2.98748E-1 2.87567E-1 3.25949E-1 2.86456E-1 5.10835E-1 6.68891E-1 7.47119E-1 -9999 -9999 -9999 -9999 -9999 -9999 -9999 -9999 -9999 -9999
2.35408E-1 1.90178E-1 1.56327E-1 2.25542E-1 2.38396E-1 2.32099E-1 1.21675E-1 2.51831E-1 1.99007E-1 1.62314E-1 1.11094E-1 2.07151E-1 4.25339E-1 5.77431E-1 -9999 -9999 -9999 -9999 -9999 -9999 -9999 -9999 -9999 -9999
8.96613E-2 9.01934E-2 9.41629E-2 1.05923E-1 1.47355E-1 1.46949E-1 1.13917E-1 1.34672E-1 2.43071E-1 2.06975E-1 1.03776E-1 1.23059E-1 1.59764E-1 1.8653E-1 -9999 -9999 -9999 -9999 -9999 -9999 -9999 -9999 -9999 -9999
1.45307E-1 1.32281E-1 1.38955E-1 1.36472E-1 1.10895E-1 1.04252E-1 1.04724E-1 1.20169E-1 1.71169E-1 2.57575E-1 1.93759E-1 9.37907E-2 1.11234E-1 1.3474E-1 -9999 -9999 -9999 -9999 -9999 -9999 -9999 -9999 -9999 -9999
1.31613E-1 1.21499E-1 1.14479E-1 1.08691E-1 9.89525E-2 9.57662E-2 1.15467E-1 1.57135E-1 1.31569E-1 1.03903E-1 1.49402E-1 2.21909E-1 2.20513E-1 1.91713E-1 -9999 -9999 -9999 -9999 -9999 -9999 -9999 -9999 -9999 -9999
1.15885E-1 1.00241E-1 9.41902E-2 9.05063E-2 8.80357E-2 9.57172E-2 1.14619E-1 1.30476E-1 1.10893E-1 9.3232E-2 1.01253E-1 1.07602E-1 1.49842E-1 2.09274E-1 -9999 -9999 -9999 -9999 -9999 -9999 -9999 -9999 -9999 -9999
1.02123E-1 9.48742E-2 8.67459E-2 8.4898E-2 8.80989E-2 9.49235E-2 1.05406E-1 1.1175E-1 1.07426E-1 1.08065E-1 1.14589E-1 1.05969E-1 1.43941E-1 2.33927E-1 -9999 -9999 -9999 -9999 -9999 -9999 -9999 -9999 -9999 -9999
9.23902E-2 9.33976E-2 8.66975E-2 8.1669E-2 8.74169E-2 9.76652E-2 1.02905E-1 1.10256E-1 1.15405E-1 1.17608E-1 1.33677E-1 1.39631E-1 1.54801E-1 1.18743E-1 -9999 -9999 -9999 -9999 -9999 -9999 -9999 -9999 -9999 -9999
1.70424E-1 1.44877E-1 1.15043E-1 8.70584E-2 8.40231E-2 9.13503E-2 1.04543E-1 1.14622E-1 1.21364E-1 1.16246E-1 1.18353E-1 1.28188E-1 1.25699E-1 1.06027E-1 -9999 -9999 -9999 -9999 -9999 -9999 -9999 -9999 -9999 -9999
1.75851E-1 1.75929E-1 1.48E-1 1.21334E-1 8.51773E-2 8.38907E-2 9.69425E-2 1.05613E-1 1.08256E-1 1.2093E-1 1.1655E-1 1.21311E-1 1.43163E-1 2.29077E-1 -9999 -9999 -9999 -9999 -9999 -9999 -9999 -9999 -9999 -9999
-9999 -9999 -9999 -9999 -9999 -9999 -9999 -9999 -9999 -9999 -9999 -9999 -9999 -9999 -9999 -9999 -9999 -9999 -9999 -9999 -9999 -9999 -9999 -9999
-9999 -9999 -9999 -9999 -9999 -9999 -9999 -9999 -9999 -9999 -9999 -9999 -9999 -9999 -9999 -9999 -9999 -9999 -9999 -9999 -9999 -9999 -9999 -9999
-9999 -9999 -9999 -9999 -9999 -9999 -9999 -9999 -9999 -9999 -9999 -9999 -9999 -9999 -9999 -9999 -9999 -9999 -9999 -9999 -9999 -9999 -9999 -9999
