analysis/maxent/MCB/2015_1/envonly.asc
ncols         24
nrows         23
xllcorner     -160.646264043509
yllcorner     18.5647826907947
cellsize      0.25
NODATA_value  -9999
6.53792E-1 5.68834E-1 4.92286E-1 4.1225E-1 3.62878E-1 3.51629E-1 3.26411E-1 2.89222E-1 2.12699E-1 2.08065E-1 2.6559E-1 2.81009E-1 2.55075E-1 2.27373E-1 -9999 -9999 -9999 -9999 -9999 -9999 -9999 -9999 -9999 -9999
7.37873E-1 7.02703E-1 6.71062E-1 5.96929E-1 4.75251E-1 3.16368E-1 3.41291E-1 3.04098E-1 2.22662E-1 1.91773E-1 2.30693E-1 2.84327E-1 2.90879E-1 2.9945E-1 -9999 -9999 -9999 -9999 -9999 -9999 -9999 -9999 -9999 -9999
7.40997E-1 7.24042E-1 7.0389E-1 6.86203E-1 6.64224E-1 5.42535E-1 4.5605E-1 3.99648E-1 3.13276E-1 2.18616E-1 2.18486E-1 2.49228E-1 2.67579E-1 2.46212E-1 -9999 -9999 -9999 -9999 -9999 -9999 -9999 -9999 -9999 -9999
7.52868E-1 7.41615E-1 7.37139E-1 7.24633E-1 6.93991E-1 6.54045E-1 5.62872E-1 4.09157E-1 2.57583E-1 3.02617E-1 2.38619E-1 2.37778E-1 2.59323E-1 2.57568E-1 -9999 -9999 -9999 -9999 -9999 -9999 -9999 -9999 -9999 -9999
7.57088E-1 7.71511E-1 7.74012E-1 7.61213E-1 7.1597E-1 6.77473E-1 6.30663E-1 5.80199E-1 2.73258E-1 2.85147E-1 2.40452E-1 2.39036E-1 2.55803E-1 2.66769E-1 -9999 -9999 -9999 -9999 -9999 -9999 -9999 -9999 -9999 -9999
5.67031E-1 8.00348E-1 7.93001E-1 6.98493E-1 3.56811E-1 3.53273E-1 3.23692E-1 4.10348E-1 5.75552E-1 4.95472E-1 3.61423E-1 2.64257E-1 2.48818E-1 2.64366E-1 -9999 -9999 -9999 -9999 -9999 -9999 -9999 -9999 -9999 -9999
4.26055E-1 7.85775E-1 6.42446E-1 4.96669E-1 6.83354E-1 7.04061E-1 6.36947E-1 3.95447E-1 6.61532E-1 6.42768E-1 5.60522E-1 5.02972E-1 3.97215E-1 2.75331E-1 -9999 -9999 -9999 -9999 -9999 -9999 -9999 -9999 -9999 -9999
4.74753E-1 4.96456E-1 5.82524E-1 7.92706E-1 7.06457E-1 7.52162E-1 7.69523E-1 4.49397E-1 7.21224E-1 7.00563E-1 6.78039E-1 6.63915E-1 6.30147E-1 4.24362E-1 -9999 -9999 -9999 -9999 -9999 -9999 -9999 -9999 -9999 -9999
7.33746E-1 7.35735E-1 6.54151E-1 5.44866E-1 4.68756E-1 6.29242E-1 8.11049E-1 7.52193E-1 4.39444E-1 4.49558E-1 4.56084E-1 6.50221E-1 5.1265E-1 4.0985E-1 -9999 -9999 -9999 -9999 -9999 -9999 -9999 -9999 -9999 -9999
7.381E-1 5.66688E-1 5.50509E-1 5.65836E-1 5.33511E-1 6.78169E-1 8.09707E-1 7.71406E-1 7.82338E-1 8.03755E-1 7.77415E-1 7.91377E-1 6.70966E-1 6.23405E-1 -9999 -9999 -9999 -9999 -9999 -9999 -9999 -9999 -9999 -9999
7.05341E-1 6.62745E-1 7.22005E-1 7.78269E-1 7.45877E-1 8.05447E-1 8.37652E-1 7.49535E-1 6.74369E-1 6.65488E-1 6.23269E-1 6.78741E-1 7.50411E-1 7.84743E-1 -9999 -9999 -9999 -9999 -9999 -9999 -9999 -9999 -9999 -9999
8.28933E-1 7.66543E-1 7.08145E-1 8.17019E-1 8.3214E-1 8.1937E-1 5.48568E-1 8.0986E-1 7.13161E-1 6.01023E-1 5.37463E-1 6.04313E-1 6.64215E-1 6.97814E-1 -9999 -9999 -9999 -9999 -9999 -9999 -9999 -9999 -9999 -9999
4.56141E-1 4.40874E-1 4.39606E-1 5.05841E-1 6.60148E-1 6.35088E-1 4.51305E-1 5.41349E-1 7.67161E-1 7.288E-1 5.63388E-1 5.53287E-1 5.66962E-1 5.57574E-1 -9999 -9999 -9999 -9999 -9999 -9999 -9999 -9999 -9999 -9999
6.43531E-1 5.90915E-1 6.05303E-1 5.91352E-1 4.93663E-1 4.43858E-1 4.32316E-1 5.07299E-1 6.84878E-1 8.16716E-1 7.22555E-1 5.64089E-1 5.5921E-1 5.57375E-1 -9999 -9999 -9999 -9999 -9999 -9999 -9999 -9999 -9999 -9999
5.95469E-1 5.52835E-1 5.21852E-1 4.97733E-1 4.45158E-1 4.58544E-1 5.44769E-1 6.94172E-1 5.99126E-1 4.87847E-1 6.76105E-1 7.89009E-1 7.62202E-1 6.79451E-1 -9999 -9999 -9999 -9999 -9999 -9999 -9999 -9999 -9999 -9999
5.486E-1 4.80942E-1 4.44174E-1 4.33257E-1 4.36105E-1 4.82429E-1 5.68262E-1 6.2876E-1 5.45478E-1 4.67033E-1 4.74201E-1 5.00325E-1 6.69235E-1 7.49703E-1 -9999 -9999 -9999 -9999 -9999 -9999 -9999 -9999 -9999 -9999
5.17171E-1 4.80454E-1 4.40272E-1 4.49484E-1 4.61997E-1 4.85533E-1 5.22492E-1 5.43423E-1 5.28135E-1 5.42522E-1 5.74834E-1 5.33736E-1 6.74846E-1 8.22289E-1 -9999 -9999 -9999 -9999 -9999 -9999 -9999 -9999 -9999 -9999
5.16251E-1 5.17912E-1 4.67593E-1 4.61987E-1 4.80612E-1 5.11953E-1 5.14044E-1 5.33626E-1 5.59107E-1 5.84758E-1 6.58959E-1 6.81142E-1 7.26751E-1 5.76998E-1 -9999 -9999 -9999 -9999 -9999 -9999 -9999 -9999 -9999 -9999
8.26786E-1 7.49235E-1 6.36413E-1 4.90308E-1 4.91041E-1 5.10383E-1 5.43605E-1 5.6666E-1 5.93711E-1 5.86357E-1 6.05053E-1 6.44351E-1 6.2041E-1 5.19239E-1 -9999 -9999 -9999 -9999 -9999 -9999 -9999 -9999 -9999 -9999
8.99052E-1 8.74593E-1 7.82557E-1 6.90776E-1 5.06236E-1 4.99039E-1 5.38868E-1 5.54705E-1 5.58317E-1 6.23875E-1 6.1255E-1 6.31049E-1 6.98942E-1 8.25319E-1 -9999 -9999 -9999 -9999 -9999 -9999 -9999 -9999 -9999 -9999
-9999 -9999 -9999 -9999 -9999 -9999 -9999 -9999 -9999 -9999 -9999 -9999 -9999 -9999 -9999 -9999 -9999 -9999 -9999 -9999 -9999 -9999 -9999 -9999
-9999 -9999 -9999 -9999 -9999 -9999 -9999 -9999 -9999 -9999 -9999 -9999 -9999 -9999 -9999 -9999 -9999 -9999 -9999 -9999 -9999 -9999 -9999 -9999
-9999 -9999 -9999 -9999 -9999 -9999 -9999 -9999 -9999 -9999 -9999 -9999 -9999 -9999 -9999 -9999 -9999 -9999 -9999 -9999 -9999 -9999 -9999 -9999
