analysis/maxent/LEH/2014_3/crw.asc
ncols         24
nrows         22
xllcorner     -163.028494180372
yllcorner     19.3009582783358
cellsize      0.25
NODATA_value  -9999
-9999 -9999 -9999 -9999 -9999 -9999 -9999 -9999 -9999 -9999 -9999 -9999 -9999 -9999 -9999 -9999 -9999 -9999 -9999 -9999 -9999 -9999 -9999 -9999
-9999 -9999 -9999 -9999 -9999 -9999 -9999 -9999 -9999 -9999 -9999 -9999 -9999 -9999 -9999 -9999 -9999 -9999 -9999 -9999 -9999 -9999 -9999 -9999
-9999 -9999 -9999 -9999 -9999 1.85134E-1 2.14114E-1 2.80757E-1 3.46127E-1 4.45009E-1 3.63577E-1 3.49117E-1 2.96451E-1 2.51477E-1 2.21265E-1 2.48405E-1 1.90014E-1 2.09905E-1 1.47087E-1 1.33183E-1 1.30867E-1 1.29639E-1 -9999 -9999
-9999 -9999 -9999 -9999 -9999 1.95373E-1 1.96416E-1 2.74882E-1 4.27762E-1 5.07615E-1 5.16873E-1 4.91155E-1 4.488E-1 3.66987E-1 2.22169E-1 2.16604E-1 2.08286E-1 1.93953E-1 1.59333E-1 1.39808E-1 1.36024E-1 1.32651E-1 1.29776E-1 -9999
-9999 -9999 -9999 -9999 -9999 2.00792E-1 2.08266E-1 2.40515E-1 4.94009E-1 5.56843E-1 5.5466E-1 6.25353E-1 5.86952E-1 5.40105E-1 3.88708E-1 3.09484E-1 2.61891E-1 2.3971E-1 1.77928E-1 1.45372E-1 1.41694E-1 1.3789E-1 1.34363E-1 -9999
-9999 -9999 -9999 -9999 -9999 1.80751E-1 2.31021E-1 2.61441E-1 5.51329E-1 5.87384E-1 5.68017E-1 6.19824E-1 6.04338E-1 5.70977E-1 5.29728E-1 4.10113E-1 3.22169E-1 2.19501E-1 1.53163E-1 1.50155E-1 1.48172E-1 1.43983E-1 1.39745E-1 -9999
-9999 -9999 -9999 -9999 -9999 1.39835E-1 2.4888E-1 3.31515E-1 3.52675E-1 4.95826E-1 6.39593E-1 6.06882E-1 5.98898E-1 5.82429E-1 5.54812E-1 5.35101E-1 4.97687E-1 3.91325E-1 2.07788E-1 1.90324E-1 1.66826E-1 1.51296E-1 1.46314E-1 -9999
-9999 -9999 -9999 -9999 -9999 1.88324E-1 2.61702E-1 2.74311E-1 3.94691E-1 5.90638E-1 7.11759E-1 7.46363E-1 6.77611E-1 4.3312E-1 3.67183E-1 3.29342E-1 2.59334E-1 4.10893E-1 4.56309E-1 3.63986E-1 2.82557E-1 2.17247E-1 1.86213E-1 -9999
-9999 -9999 -9999 -9999 -9999 2.88122E-1 2.7999E-1 2.2449E-1 3.79003E-1 5.66274E-1 8.39964E-1 9.1227E-1 6.71853E-1 7.35286E-1 6.05839E-1 4.10431E-1 2.86921E-1 3.07221E-1 5.54946E-1 5.07363E-1 4.42151E-1 3.84522E-1 2.99512E-1 -9999
-9999 -9999 -9999 -9999 -9999 3.08137E-1 3.58757E-1 3.44986E-1 6.74526E-1 9.26619E-1 9.67839E-1 9.57269E-1 9.17697E-1 7.80045E-1 4.63895E-1 3.41589E-1 3.92545E-1 3.59514E-1 5.77843E-1 5.61958E-1 5.65366E-1 5.49955E-1 4.65581E-1 -9999
-9999 -9999 -9999 -9999 -9999 4.07787E-1 4.0062E-1 5.43698E-1 8.57746E-1 9.71251E-1 9.7646E-1 9.85531E-1 8.99475E-1 5.97005E-1 3.46466E-1 3.82931E-1 3.52066E-1 2.44236E-1 2.46758E-1 2.62531E-1 3.55804E-1 4.21576E-1 2.73706E-1 -9999
-9999 -9999 -9999 -9999 -9999 4.57634E-1 4.21428E-1 4.60976E-1 6.85375E-1 9.21824E-1 9.30558E-1 9.87963E-1 9.44067E-1 7.05752E-1 5.12161E-1 4.21899E-1 2.44653E-1 1.60083E-1 2.05196E-1 1.81766E-1 1.80209E-1 2.14788E-1 2.17995E-1 -9999
-9999 -9999 -9999 -9999 -9999 4.83885E-1 5.70692E-1 5.42198E-1 6.41347E-1 6.05219E-1 8.61489E-1 9.39142E-1 9.48502E-1 8.40328E-1 6.46079E-1 4.21032E-1 2.66969E-1 1.71696E-1 1.37663E-1 1.05314E-1 9.51555E-2 1.30049E-1 1.74037E-1 -9999
-9999 -9999 -9999 -9999 -9999 4.91317E-1 5.22528E-1 4.60835E-1 5.26664E-1 6.78191E-1 9.17664E-1 9.60994E-1 9.71599E-1 8.859E-1 6.04551E-1 4.94017E-1 3.98009E-1 2.93334E-1 1.89974E-1 1.19424E-1 9.20171E-2 8.82673E-2 1.06892E-1 -9999
-9999 -9999 -9999 -9999 -9999 4.80654E-1 4.91092E-1 4.66647E-1 4.78391E-1 5.86485E-1 7.56578E-1 7.38292E-1 6.96045E-1 6.15639E-1 5.20109E-1 5.01069E-1 8.38261E-1 4.11612E-1 2.65249E-1 1.50089E-1 9.93061E-2 8.62926E-2 8.07163E-2 -9999
-9999 -9999 -9999 -9999 -9999 4.26964E-1 4.84601E-1 6.2399E-1 6.89054E-1 7.66932E-1 6.97713E-1 6.69053E-1 6.90581E-1 7.28485E-1 5.65972E-1 5.34594E-1 4.25595E-1 3.93736E-1 3.64647E-1 2.42374E-1 1.38609E-1 1.03014E-1 1.15989E-1 -9999
-9999 -9999 -9999 -9999 -9999 7.13007E-1 7.03214E-1 7.29645E-1 7.26738E-1 6.8959E-1 6.4596E-1 6.06295E-1 5.82422E-1 5.6496E-1 4.62275E-1 4.28955E-1 4.15694E-1 3.99729E-1 3.76063E-1 3.18149E-1 2.83463E-1 2.30557E-1 2.15171E-1 -9999
-9999 -9999 -9999 -9999 -9999 6.89085E-1 6.61227E-1 6.40378E-1 6.09051E-1 5.70147E-1 5.1838E-1 5.40026E-1 5.11289E-1 4.92695E-1 4.4938E-1 3.6404E-1 3.52981E-1 3.48292E-1 3.44245E-1 3.53092E-1 4.16708E-1 3.39304E-1 2.72194E-1 -9999
-9999 -9999 -9999 -9999 -9999 7.66131E-1 7.09274E-1 5.81968E-1 5.42898E-1 5.26482E-1 5.02428E-1 4.54135E-1 4.26019E-1 4.33798E-1 3.82337E-1 3.73453E-1 3.63145E-1 3.57145E-1 3.51023E-1 3.41617E-1 3.34426E-1 3.11703E-1 2.75987E-1 -9999
-9999 -9999 -9999 -9999 -9999 8.03468E-1 6.89638E-1 4.58763E-1 4.29854E-1 4.80128E-1 5.13325E-1 4.84377E-1 4.27E-1 3.93302E-1 3.86133E-1 3.73784E-1 3.62216E-1 3.57662E-1 3.52768E-1 3.44297E-1 3.37576E-1 3.15606E-1 2.98542E-1 -9999
-9999 -9999 -9999 -9999 -9999 8.19183E-1 7.70989E-1 7.199E-1 7.73997E-1 7.57289E-1 7.46541E-1 6.35651E-1 5.28794E-1 4.11375E-1 3.85617E-1 3.76369E-1 3.61421E-1 3.61075E-1 3.56612E-1 3.504E-1 3.44641E-1 3.32692E-1 -9999 -9999
-9999 -9999 -9999 -9999 -9999 7.92693E-1 7.81144E-1 7.79368E-1 7.74733E-1 7.90209E-1 7.722E-1 7.31521E-1 6.38891E-1 5.28143E-1 3.96953E-1 3.79687E-1 3.6468E-1 3.63916E-1 3.58642E-1 3.50938E-1 3.476E-1 -9999 -9999 -9999
