analysis/maxent/LEH/2014_3/crw.asc
ncols         24
nrows         22
xllcorner     -163.028494180372
yllcorner     19.3009582783358
cellsize      0.25
NODATA_value  -9999
-9999 -9999 -9999 -9999 -9999 -9999 -9999 -9999 -9999 -9999 -9999 -9999 -9999 -9999 -9999 -9999 -9999 -9999 -9999 -9999 -9999 -9999 -9999 -9999
-9999 -9999 -9999 -9999 -9999 -9999 -9999 -9999 -9999 -9999 -9999 -9999 -9999 -9999 -9999 -9999 -9999 -9999 -9999 -9999 -9999 -9999 -9999 -9999
-9999 -9999 -9999 -9999 -9999 1.65481E-1 1.98694E-1 2.71215E-1 3.45375E-1 4.27481E-1 3.54244E-1 3.57082E-1 3.3577E-1 3.00972E-1 2.7656E-1 3.25665E-1 2.5462E-1 2.85192E-1 2.0613E-1 1.89161E-1 1.91498E-1 1.95783E-1 -9999 -9999
-9999 -9999 -9999 -9999 -9999 1.60504E-1 1.64588E-1 2.32764E-1 3.50514E-1 3.47905E-1 3.26461E-1 3.37853E-1 3.77734E-1 3.90822E-1 2.58002E-1 2.66771E-1 2.64745E-1 2.49396E-1 2.10711E-1 1.89951E-1 1.86715E-1 1.89934E-1 1.93405E-1 -9999
-9999 -9999 -9999 -9999 -9999 1.48093E-1 1.49382E-1 1.54021E-1 2.99551E-1 2.87137E-1 2.83246E-1 3.70984E-1 4.26E-1 5.0474E-1 4.22495E-1 3.53338E-1 3.17748E-1 2.93852E-1 2.23775E-1 1.86729E-1 1.85173E-1 1.85918E-1 1.88629E-1 -9999
-9999 -9999 -9999 -9999 -9999 9.98429E-2 1.17793E-1 1.17376E-1 2.63278E-1 2.6013E-1 2.82395E-1 3.97611E-1 4.42241E-1 4.80318E-1 5.02199E-1 4.26563E-1 3.63463E-1 2.60299E-1 1.84084E-1 1.82839E-1 1.82964E-1 1.82675E-1 1.84647E-1 -9999
-9999 -9999 -9999 -9999 -9999 4.51113E-2 8.77744E-2 1.15418E-1 1.29876E-1 2.27078E-1 3.90796E-1 4.36938E-1 4.42887E-1 4.56566E-1 4.78177E-1 4.90197E-1 5.08195E-1 4.30423E-1 2.43771E-1 2.41392E-1 1.99548E-1 1.81069E-1 1.82153E-1 -9999
-9999 -9999 -9999 -9999 -9999 4.72333E-2 7.43282E-2 8.27247E-2 1.42425E-1 2.92203E-1 4.70206E-1 5.21681E-1 5.3845E-1 3.41633E-1 2.90792E-1 2.74391E-1 2.28138E-1 4.09599E-1 4.92496E-1 4.12206E-1 3.22103E-1 2.53571E-1 2.30612E-1 -9999
-9999 -9999 -9999 -9999 -9999 7.32114E-2 7.8511E-2 6.51791E-2 1.47133E-1 3.1648E-1 6.30538E-1 7.38853E-1 4.72425E-1 5.32065E-1 4.54845E-1 3.12146E-1 2.2911E-1 2.64621E-1 4.73741E-1 4.98939E-1 4.79886E-1 4.21468E-1 3.4933E-1 -9999
-9999 -9999 -9999 -9999 -9999 7.78343E-2 1.06122E-1 1.1218E-1 2.88375E-1 5.68791E-1 7.13376E-1 7.13405E-1 6.65381E-1 5.2468E-1 3.19346E-1 2.52014E-1 2.96177E-1 2.95434E-1 4.3959E-1 4.7279E-1 4.73166E-1 4.98728E-1 4.8402E-1 -9999
-9999 -9999 -9999 -9999 -9999 1.02567E-1 1.07264E-1 1.57205E-1 3.59543E-1 5.94537E-1 7.1537E-1 7.84043E-1 6.39284E-1 3.47434E-1 2.00437E-1 2.60583E-1 2.55527E-1 1.91997E-1 2.04931E-1 2.26291E-1 3.20643E-1 4.1515E-1 2.65117E-1 -9999
-9999 -9999 -9999 -9999 -9999 1.03103E-1 1.00903E-1 1.11979E-1 2.13876E-1 4.09567E-1 5.00266E-1 7.32802E-1 6.58272E-1 3.89611E-1 2.61541E-1 2.61732E-1 1.63182E-1 1.08714E-1 1.46261E-1 1.42136E-1 1.61094E-1 2.01818E-1 2.13352E-1 -9999
-9999 -9999 -9999 -9999 -9999 1.02004E-1 1.2512E-1 1.17768E-1 1.61518E-1 1.63536E-1 3.03759E-1 4.51068E-1 5.23155E-1 4.17153E-1 3.32263E-1 2.29259E-1 1.39393E-1 7.13569E-2 5.28021E-2 4.5626E-2 5.72089E-2 1.0141E-1 1.58483E-1 -9999
-9999 -9999 -9999 -9999 -9999 9.26208E-2 1.02116E-1 8.89152E-2 1.06097E-1 1.58662E-1 2.84654E-1 3.27538E-1 3.7701E-1 3.13078E-1 1.91836E-1 1.52104E-1 1.05502E-1 6.85248E-2 4.1144E-2 2.63638E-2 2.77422E-2 4.54627E-2 7.5212E-2 -9999
-9999 -9999 -9999 -9999 -9999 8.24413E-2 8.9813E-2 8.56279E-2 7.75006E-2 9.97356E-2 1.47912E-1 1.47006E-1 1.39213E-1 1.20013E-1 1.03381E-1 1.02429E-1 2.46861E-1 8.97988E-2 6.08633E-2 3.00008E-2 1.95969E-2 2.34326E-2 2.9431E-2 -9999
-9999 -9999 -9999 -9999 -9999 5.89462E-2 7.14692E-2 1.08208E-1 1.3073E-1 1.53938E-1 1.26457E-1 1.2338E-1 1.35877E-1 1.52457E-1 1.07217E-1 1.09573E-1 8.27188E-2 8.60564E-2 8.64934E-2 5.43257E-2 2.63823E-2 1.8862E-2 2.56119E-2 -9999
-9999 -9999 -9999 -9999 -9999 1.20936E-1 1.19757E-1 1.42167E-1 1.34394E-1 1.24703E-1 1.15259E-1 1.07305E-1 1.0065E-1 9.4925E-2 8.17599E-2 7.63844E-2 7.7996E-2 8.0151E-2 8.56309E-2 6.94605E-2 6.29851E-2 5.00698E-2 5.02522E-2 -9999
-9999 -9999 -9999 -9999 -9999 1.11555E-1 1.03957E-1 9.9599E-2 9.36401E-2 8.6678E-2 7.7049E-2 8.57597E-2 8.13957E-2 7.88276E-2 7.31943E-2 5.72288E-2 5.84742E-2 6.05805E-2 6.40258E-2 7.18488E-2 9.07467E-2 7.75828E-2 7.75667E-2 -9999
-9999 -9999 -9999 -9999 -9999 1.34083E-1 1.15773E-1 8.38084E-2 7.70026E-2 7.52981E-2 7.20678E-2 6.42269E-2 6.13336E-2 6.86004E-2 5.51283E-2 5.63577E-2 5.81499E-2 5.97512E-2 6.16006E-2 6.34226E-2 6.49024E-2 7.15863E-2 8.58832E-2 -9999
-9999 -9999 -9999 -9999 -9999 1.30246E-1 1.06444E-1 5.83603E-2 5.46542E-2 6.47966E-2 7.24237E-2 6.81035E-2 5.83649E-2 5.38326E-2 5.38365E-2 5.553E-2 5.765E-2 5.8518E-2 6.00126E-2 6.16487E-2 6.2562E-2 6.44647E-2 7.72909E-2 -9999
-9999 -9999 -9999 -9999 -9999 9.65849E-2 1.31798E-1 1.18672E-1 1.33679E-1 1.35088E-1 1.33583E-1 1.01272E-1 7.74638E-2 5.6399E-2 5.33095E-2 5.4816E-2 5.60568E-2 5.71707E-2 5.84567E-2 6.0409E-2 6.17435E-2 6.26803E-2 -9999 -9999
-9999 -9999 -9999 -9999 -9999 8.17883E-2 7.19099E-2 7.96025E-2 8.06678E-2 1.03425E-1 1.33067E-1 1.31984E-1 1.05066E-1 7.93054E-2 5.61587E-2 5.48265E-2 5.57085E-2 5.70636E-2 5.81372E-2 5.98246E-2 6.1264E-2 -9999 -9999 -9999
