analysis/maxent/LEH/2014_3/d2c.asc
ncols         24
nrows         22
xllcorner     -163.028494180372
yllcorner     19.3009582783358
cellsize      0.25
NODATA_value  -9999
-9999 -9999 -9999 -9999 -9999 8.25673E-2 1.00781E-1 7.40899E-2 6.91783E-2 1.24067E-1 1.17282E-1 9.22075E-2 1.03336E-1 1.16512E-1 1.29803E-1 1.39711E-1 1.17449E-1 1.27521E-1 9.95044E-2 8.8646E-2 8.88515E-2 7.212E-2 7.99444E-2 6.93819E-2
-9999 -9999 -9999 -9999 -9999 5.61401E-2 6.3348E-2 8.64208E-2 5.7611E-2 9.72586E-2 1.06555E-1 1.02204E-1 9.82389E-2 1.14115E-1 1.02456E-1 9.82514E-2 9.60928E-2 1.07015E-1 8.71451E-2 7.26218E-2 6.63768E-2 6.72817E-2 7.0825E-2 6.74838E-2
-9999 -9999 -9999 -9999 -9999 4.82019E-2 6.46479E-2 8.74147E-2 1.09127E-1 1.28954E-1 1.31529E-1 1.39913E-1 1.314E-1 1.10455E-1 8.74581E-2 1.03528E-1 8.34512E-2 9.39387E-2 6.71739E-2 5.78034E-2 5.72137E-2 6.13321E-2 6.37149E-2 6.379E-2
-9999 -9999 -9999 -9999 -9999 4.61548E-2 5.04209E-2 9.50274E-2 1.77369E-1 1.91269E-1 2.03265E-1 2.352E-1 2.66921E-1 2.55959E-1 1.53233E-1 1.24255E-1 9.57952E-2 8.24643E-2 6.94784E-2 6.23541E-2 5.6396E-2 5.5504E-2 5.70451E-2 5.36091E-2
-9999 -9999 -9999 -9999 -9999 4.06005E-2 6.77163E-2 1.11613E-1 2.62439E-1 2.4326E-1 2.57776E-1 2.78168E-1 3.1906E-1 3.5951E-1 3.80968E-1 2.77574E-1 1.93448E-1 1.29983E-1 7.41598E-2 6.05721E-2 5.71052E-2 5.5417E-2 5.5328E-2 5.56512E-2
-9999 -9999 -9999 -9999 -9999 3.52412E-2 8.14859E-2 1.27181E-1 2.93544E-1 2.78157E-1 3.16101E-1 3.6601E-1 3.75793E-1 3.88076E-1 4.09661E-1 3.93496E-1 3.23576E-1 1.83043E-1 8.03013E-2 5.49137E-2 5.75402E-2 5.58029E-2 5.47446E-2 5.41231E-2
-9999 -9999 -9999 -9999 -9999 2.80367E-2 6.8564E-2 1.15587E-1 1.65068E-1 3.04311E-1 4.1708E-1 4.62203E-1 4.49502E-1 4.52951E-1 4.58645E-1 4.24516E-1 4.10202E-1 3.20421E-1 1.33748E-1 8.26847E-2 6.28177E-2 5.67664E-2 5.53598E-2 5.40878E-2
-9999 -9999 -9999 -9999 -9999 3.4753E-2 7.00634E-2 7.13708E-2 1.0457E-1 2.26403E-1 5.25595E-1 5.69331E-1 6.38977E-1 4.19188E-1 3.36883E-1 3.30908E-1 2.65993E-1 3.63151E-1 3.48622E-1 1.92347E-1 9.10663E-2 6.6104E-2 5.89279E-2 5.56753E-2
-9999 -9999 -9999 -9999 -9999 6.82264E-2 9.17785E-2 6.53377E-2 9.81305E-2 3.08199E-1 8.10246E-1 8.69405E-1 5.8972E-1 3.87831E-1 2.53726E-1 2.10582E-1 2.11454E-1 2.90832E-1 3.26707E-1 2.83262E-1 1.6967E-1 1.10975E-1 9.02106E-2 6.507E-2
-9999 -9999 -9999 -9999 -9999 1.02047E-1 1.33187E-1 1.57275E-1 2.32808E-1 4.89387E-1 7.22228E-1 8.03755E-1 6.95843E-1 4.03225E-1 2.33658E-1 1.98031E-1 2.25274E-1 3.41545E-1 3.15636E-1 2.82373E-1 1.59103E-1 1.09586E-1 1.30627E-1 7.2072E-2
-9999 -9999 -9999 -9999 -9999 1.21159E-1 1.57826E-1 1.95566E-1 3.04396E-1 5.28646E-1 7.10746E-1 7.37471E-1 6.0408E-1 3.46682E-1 1.87894E-1 1.66217E-1 2.00864E-1 1.8773E-1 1.999E-1 1.72185E-1 1.47472E-1 1.06611E-1 7.0131E-2 4.4156E-2
-9999 -9999 -9999 -9999 -9999 1.24259E-1 1.5243E-1 1.74931E-1 2.6501E-1 3.55592E-1 5.07387E-1 6.6256E-1 5.87808E-1 3.50364E-1 2.01044E-1 1.66951E-1 1.45488E-1 8.60806E-2 8.20524E-2 6.8129E-2 4.34859E-2 3.31978E-2 3.88816E-2 4.15127E-2
-9999 -9999 -9999 -9999 -9999 1.19337E-1 1.48428E-1 1.59721E-1 1.91387E-1 1.93165E-1 3.21353E-1 4.13453E-1 4.6437E-1 3.31534E-1 2.13997E-1 1.86942E-1 1.33154E-1 5.64843E-2 3.6222E-2 2.67013E-2 1.72473E-2 1.49677E-2 2.35444E-2 3.54706E-2
-9999 -9999 -9999 -9999 -9999 1.00681E-1 1.33454E-1 1.44236E-1 1.45797E-1 1.63257E-1 2.63085E-1 3.47831E-1 3.26124E-1 2.1862E-1 1.43796E-1 1.5589E-1 1.42032E-1 5.35572E-2 2.6508E-2 1.61853E-2 1.0037E-2 9.02703E-3 1.20054E-2 1.66111E-2
-9999 -9999 -9999 -9999 -9999 7.75908E-2 1.05933E-1 1.2172E-1 1.27026E-1 1.59041E-1 1.81693E-1 2.21732E-1 1.96082E-1 1.49987E-1 1.17519E-1 1.24921E-1 1.88958E-1 6.55822E-2 3.09895E-2 1.38924E-2 6.69379E-3 6.64698E-3 7.52926E-3 8.65594E-3
-9999 -9999 -9999 -9999 -9999 6.07006E-2 9.17258E-2 1.25755E-1 1.64486E-1 2.17277E-1 1.94805E-1 2.04258E-1 2.10331E-1 1.91821E-1 1.50624E-1 1.36689E-1 8.97607E-2 6.3967E-2 4.13433E-2 1.65126E-2 6.07531E-3 5.35149E-3 6.51077E-3 6.65518E-3
-9999 -9999 -9999 -9999 -9999 7.86471E-2 1.09879E-1 1.23218E-1 1.34814E-1 1.40141E-1 1.399E-1 1.36385E-1 1.30369E-1 1.18468E-1 9.02428E-2 7.03311E-2 5.59725E-2 4.23335E-2 3.29363E-2 2.09791E-2 1.29037E-2 9.84318E-3 1.0389E-2 6.98911E-3
-9999 -9999 -9999 -9999 -9999 4.507E-2 6.3822E-2 8.69387E-2 9.43647E-2 9.76204E-2 9.45544E-2 8.64765E-2 8.0166E-2 7.37007E-2 6.32447E-2 5.15409E-2 3.78928E-2 2.68089E-2 2.02035E-2 2.24133E-2 2.87411E-2 2.5438E-2 1.64843E-2 8.83889E-3
-9999 -9999 -9999 -9999 -9999 3.66164E-2 4.02774E-2 4.22275E-2 5.13195E-2 6.15576E-2 6.63707E-2 6.16231E-2 5.37864E-2 4.8709E-2 3.9442E-2 3.04607E-2 2.23777E-2 1.65368E-2 1.73089E-2 1.74614E-2 1.85347E-2 2.03331E-2 2.00035E-2 1.932E-2
-9999 -9999 -9999 -9999 -9999 3.17824E-2 3.10278E-2 1.80878E-2 1.92845E-2 2.79789E-2 3.49E-2 3.48464E-2 2.91291E-2 2.45E-2 1.9561E-2 1.56286E-2 1.61596E-2 1.58612E-2 1.62253E-2 1.63003E-2 1.63427E-2 1.62249E-2 2.03665E-2 2.79391E-2
-9999 -9999 -9999 -9999 -9999 2.12553E-2 3.60675E-2 3.38183E-2 3.3539E-2 3.61043E-2 3.70574E-2 2.94455E-2 2.33618E-2 1.70785E-2 1.52947E-2 1.55231E-2 1.4797E-2 1.52554E-2 1.54043E-2 1.6195E-2 1.64163E-2 1.64587E-2 1.98861E-2 2.44531E-2
-9999 -9999 -9999 -9999 -9999 1.77343E-2 1.55532E-2 1.71429E-2 1.73402E-2 2.23503E-2 3.23458E-2 3.71607E-2 3.04448E-2 2.38747E-2 1.69821E-2 1.63776E-2 1.48946E-2 1.57186E-2 1.55941E-2 1.58572E-2 1.64428E-2 1.64733E-2 1.54445E-2 1.29989E-2
