analysis/maxent/LEH/2014_3/d2c.asc
ncols         24
nrows         22
xllcorner     -163.028494180372
yllcorner     19.3009582783358
cellsize      0.25
NODATA_value  -9999
-9999 -9999 -9999 -9999 -9999 1.23464E-1 1.22718E-1 7.00272E-2 6.35496E-2 1.10199E-1 9.86443E-2 7.22518E-2 7.80272E-2 8.50868E-2 9.22474E-2 9.6701E-2 7.89686E-2 8.3743E-2 6.34032E-2 5.36447E-2 5.06437E-2 4.01287E-2 4.24021E-2 3.68238E-2
-9999 -9999 -9999 -9999 -9999 6.25226E-2 6.68163E-2 8.83676E-2 5.87643E-2 9.33949E-2 9.86478E-2 9.14762E-2 8.44227E-2 9.12805E-2 7.7606E-2 7.19179E-2 6.82651E-2 7.38487E-2 5.81492E-2 4.72188E-2 4.15196E-2 4.0031E-2 4.01405E-2 3.75767E-2
-9999 -9999 -9999 -9999 -9999 5.98617E-2 7.4664E-2 9.79045E-2 1.22446E-1 1.59875E-1 1.59687E-1 1.6099E-1 1.32224E-1 1.00732E-1 7.52301E-2 8.16502E-2 6.28276E-2 6.84122E-2 4.78046E-2 4.10855E-2 3.9167E-2 3.9306E-2 3.87132E-2 3.75699E-2
-9999 -9999 -9999 -9999 -9999 6.37509E-2 6.90247E-2 1.35036E-1 2.54881E-1 3.18436E-1 3.61253E-1 3.71066E-1 3.32163E-1 2.54843E-1 1.39127E-1 1.10594E-1 7.82886E-2 6.36857E-2 5.18022E-2 4.58919E-2 4.12561E-2 3.87977E-2 3.75869E-2 3.39234E-2
-9999 -9999 -9999 -9999 -9999 6.8119E-2 1.13843E-1 1.84846E-1 4.30539E-1 4.84105E-1 5.17024E-1 5.09916E-1 4.698E-1 4.06498E-1 3.40498E-1 2.38246E-1 1.62287E-1 1.12769E-1 5.86325E-2 4.73571E-2 4.3892E-2 4.13166E-2 3.96041E-2 3.86268E-2
-9999 -9999 -9999 -9999 -9999 7.39285E-2 1.67595E-1 2.7442E-1 5.77733E-1 6.08134E-1 6.10725E-1 5.91582E-1 5.50995E-1 4.98885E-1 4.41723E-1 3.77429E-1 2.76244E-1 1.53472E-1 7.35423E-2 4.63928E-2 4.68287E-2 4.38301E-2 4.16032E-2 3.97773E-2
-9999 -9999 -9999 -9999 -9999 7.99218E-2 1.98417E-1 3.28592E-1 4.14375E-1 5.88402E-1 6.92466E-1 6.57356E-1 6.20481E-1 5.82564E-1 5.34353E-1 4.74023E-1 4.07787E-1 2.87876E-1 1.17616E-1 7.68853E-2 5.32249E-2 4.74717E-2 4.45337E-2 4.20401E-2
-9999 -9999 -9999 -9999 -9999 1.27569E-1 2.42235E-1 2.24773E-1 2.77403E-1 4.49688E-1 7.6984E-1 7.78855E-1 7.61734E-1 4.79244E-1 3.79881E-1 3.60811E-1 2.77577E-1 3.57296E-1 3.14302E-1 1.78836E-1 8.28527E-2 5.7184E-2 5.00802E-2 4.6199E-2
-9999 -9999 -9999 -9999 -9999 2.6847E-1 3.22248E-1 2.05342E-1 2.43302E-1 5.96305E-1 9.66101E-1 9.79959E-1 8.04962E-1 5.71969E-1 3.38092E-1 2.69657E-1 2.53008E-1 3.08097E-1 3.68521E-1 2.76712E-1 1.72746E-1 1.02808E-1 8.01023E-2 5.5935E-2
-9999 -9999 -9999 -9999 -9999 3.83691E-1 4.37921E-1 4.67073E-1 6.07345E-1 8.6291E-1 9.64605E-1 9.79587E-1 9.29488E-1 6.22747E-1 3.72752E-1 2.59068E-1 2.75561E-1 3.77018E-1 4.11325E-1 3.19999E-1 2.07327E-1 1.26531E-1 1.23711E-1 6.6234E-2
-9999 -9999 -9999 -9999 -9999 4.70744E-1 5.29297E-1 5.91944E-1 7.9718E-1 9.46434E-1 9.82065E-1 9.73779E-1 8.85799E-1 5.37365E-1 2.87115E-1 2.43827E-1 2.65137E-1 2.34972E-1 2.34969E-1 1.86967E-1 1.6771E-1 1.15995E-1 7.25059E-2 4.57387E-2
-9999 -9999 -9999 -9999 -9999 5.0718E-1 5.53973E-1 6.06429E-1 8.08998E-1 8.76562E-1 9.48267E-1 9.76814E-1 9.16237E-1 6.38651E-1 3.6854E-1 2.76326E-1 1.99815E-1 1.19563E-1 1.09163E-1 8.06364E-2 5.38453E-2 4.1692E-2 4.60956E-2 4.62412E-2
-9999 -9999 -9999 -9999 -9999 5.1659E-1 5.79143E-1 6.20872E-1 7.44469E-1 7.12074E-1 8.76549E-1 9.2925E-1 9.26872E-1 7.47426E-1 4.88523E-1 3.59236E-1 2.58529E-1 1.32613E-1 8.62186E-2 5.06477E-2 2.93016E-2 2.19711E-2 2.88724E-2 4.35112E-2
-9999 -9999 -9999 -9999 -9999 4.8761E-1 5.69974E-1 6.06677E-1 6.32972E-1 7.27503E-1 8.97861E-1 9.60696E-1 9.35331E-1 7.60429E-1 5.14015E-1 4.78757E-1 4.71E-1 2.0934E-1 1.07301E-1 5.36365E-2 2.74073E-2 1.81392E-2 1.89067E-2 2.13736E-2
-9999 -9999 -9999 -9999 -9999 4.34481E-1 5.27785E-1 5.79227E-1 6.15772E-1 7.10012E-1 8.07296E-1 8.73935E-1 8.20952E-1 6.63857E-1 5.2072E-1 5.17327E-1 6.62228E-1 2.86498E-1 1.3091E-1 6.43249E-2 2.78697E-2 2.06655E-2 1.82492E-2 1.64205E-2
-9999 -9999 -9999 -9999 -9999 3.94309E-1 5.31472E-1 6.52092E-1 7.58494E-1 8.55915E-1 8.14234E-1 8.2012E-1 8.15079E-1 7.6289E-1 6.47233E-1 5.88214E-1 4.1766E-1 2.96253E-1 1.93652E-1 8.59835E-2 3.05759E-2 2.38537E-2 2.64476E-2 2.27454E-2
-9999 -9999 -9999 -9999 -9999 5.34453E-1 6.33707E-1 6.74828E-1 7.04543E-1 7.13788E-1 7.03059E-1 6.79872E-1 6.49859E-1 5.97748E-1 4.86966E-1 3.96815E-1 3.11493E-1 2.2864E-1 1.86063E-1 1.16437E-1 6.96097E-2 5.01935E-2 4.72311E-2 2.91398E-2
-9999 -9999 -9999 -9999 -9999 3.90563E-1 4.71411E-1 5.45979E-1 5.74795E-1 5.84371E-1 5.65439E-1 5.23493E-1 4.84609E-1 4.47009E-1 3.89231E-1 3.19774E-1 2.43892E-1 1.84291E-1 1.32515E-1 1.31354E-1 1.58371E-1 1.27556E-1 7.22625E-2 3.23846E-2
-9999 -9999 -9999 -9999 -9999 3.24174E-1 3.57132E-1 3.58452E-1 3.91978E-1 4.29151E-1 4.3994E-1 4.08175E-1 3.63528E-1 3.30913E-1 2.84237E-1 2.30655E-1 1.76209E-1 1.22032E-1 1.20796E-1 1.14683E-1 1.16489E-1 1.06823E-1 8.06437E-2 6.07649E-2
-9999 -9999 -9999 -9999 -9999 3.27183E-1 2.87301E-1 1.74227E-1 1.8808E-1 2.60589E-1 3.03211E-1 2.94452E-1 2.49869E-1 2.16655E-1 1.75565E-1 1.31567E-1 1.27128E-1 1.21004E-1 1.18127E-1 1.12072E-1 1.08994E-1 9.56956E-2 9.73091E-2 1.00509E-1
-9999 -9999 -9999 -9999 -9999 3.13317E-1 3.29199E-1 3.06172E-1 3.18128E-1 3.17792E-1 3.15946E-1 2.58529E-1 2.06303E-1 1.53521E-1 1.38109E-1 1.33782E-1 1.21042E-1 1.21015E-1 1.17338E-1 1.16205E-1 1.12754E-1 1.07418E-1 1.119E-1 1.11612E-1
-9999 -9999 -9999 -9999 -9999 2.97056E-1 2.90342E-1 2.91054E-1 2.88905E-1 2.97677E-1 3.11666E-1 3.11156E-1 2.61233E-1 2.06682E-1 1.49102E-1 1.4082E-1 1.23523E-1 1.25688E-1 1.20243E-1 1.15571E-1 1.149E-1 1.10537E-1 9.3719E-2 6.74E-2
