analysis/maxent/LEH/2014_3/d2c_clamping.asc
ncols         24
nrows         22
xllcorner     -163.028494180372
yllcorner     19.3009582783358
cellsize      0.25
NODATA_value  -9999
-9999 -9999 -9999 -9999 -9999 7.36013E-2 8.58257E-2 6.00733E-2 5.31413E-2 8.98212E-2 8.17126E-2 6.33431E-2 7.13424E-2 8.27622E-2 9.65122E-2 1.09681E-1 9.76542E-2 1.11226E-1 9.04607E-2 8.31084E-2 8.51655E-2 7.02237E-2 7.86408E-2 6.87096E-2
-9999 -9999 -9999 -9999 -9999 4.46242E-2 4.53733E-2 5.39997E-2 3.09874E-2 4.38714E-2 4.16149E-2 3.72325E-2 3.68783E-2 4.78443E-2 5.06223E-2 5.72816E-2 6.47976E-2 8.10087E-2 7.22687E-2 6.427E-2 6.14181E-2 6.41243E-2 6.88052E-2 6.63558E-2
-9999 -9999 -9999 -9999 -9999 2.9912E-2 3.00195E-2 2.47695E-2 1.06208E-2 0E0 0E0 0E0 0E0 0E0 1.99962E-3 2.08887E-2 3.22696E-2 5.17354E-2 4.63869E-2 4.59677E-2 4.97398E-2 5.63907E-2 6.06557E-2 6.20237E-2
-9999 -9999 -9999 -9999 -9999 1.48266E-2 1.30812E-3 0E0 0E0 0E0 0E0 0E0 0E0 0E0 0E0 0E0 0E0 1.64023E-2 3.16226E-2 4.0296E-2 4.39636E-2 4.81344E-2 5.26234E-2 5.12622E-2
-9999 -9999 -9999 -9999 -9999 0E0 0E0 0E0 0E0 0E0 0E0 0E0 0E0 0E0 0E0 0E0 0E0 0E0 6.20067E-3 2.52582E-2 3.6775E-2 4.37857E-2 4.86905E-2 5.19432E-2
-9999 -9999 -9999 -9999 -9999 0E0 0E0 0E0 0E0 0E0 0E0 0E0 0E0 0E0 0E0 0E0 0E0 0E0 0E0 4.75526E-3 2.60873E-2 3.81837E-2 4.5061E-2 4.89067E-2
-9999 -9999 -9999 -9999 -9999 0E0 0E0 0E0 0E0 0E0 0E0 0E0 0E0 0E0 0E0 0E0 0E0 0E0 0E0 0E0 1.29686E-2 3.12522E-2 4.16738E-2 4.69275E-2
-9999 -9999 -9999 -9999 -9999 0E0 0E0 0E0 0E0 0E0 0E0 0E0 0E0 0E0 0E0 0E0 0E0 0E0 0E0 0E0 0E0 2.62289E-2 3.97103E-2 4.61036E-2
-9999 -9999 -9999 -9999 -9999 0E0 0E0 0E0 0E0 0E0 0E0 0E0 0E0 0E0 0E0 0E0 0E0 0E0 0E0 0E0 0E0 2.6531E-2 5.34384E-2 5.13466E-2
-9999 -9999 -9999 -9999 -9999 0E0 0E0 0E0 0E0 0E0 0E0 0E0 0E0 0E0 0E0 0E0 0E0 0E0 0E0 0E0 0E0 1.23093E-2 6.82598E-2 5.45789E-2
-9999 -9999 -9999 -9999 -9999 0E0 0E0 0E0 0E0 0E0 0E0 0E0 0E0 0E0 0E0 0E0 0E0 0E0 0E0 0E0 0E0 3.90601E-3 3.45601E-2 3.27605E-2
-9999 -9999 -9999 -9999 -9999 0E0 0E0 0E0 0E0 0E0 0E0 0E0 0E0 0E0 0E0 0E0 0E0 0E0 0E0 0E0 0E0 9.45775E-4 1.91775E-2 3.07418E-2
-9999 -9999 -9999 -9999 -9999 0E0 0E0 0E0 0E0 0E0 0E0 0E0 0E0 0E0 0E0 0E0 0E0 0E0 0E0 0E0 0E0 1.37224E-3 1.24065E-2 2.68398E-2
-9999 -9999 -9999 -9999 -9999 0E0 0E0 0E0 0E0 0E0 0E0 0E0 0E0 0E0 0E0 0E0 0E0 0E0 0E0 0E0 0E0 1.92438E-3 7.06823E-3 1.30948E-2
-9999 -9999 -9999 -9999 -9999 0E0 0E0 0E0 0E0 0E0 0E0 0E0 0E0 0E0 0E0 0E0 0E0 0E0 0E0 0E0 0E0 2.43577E-3 5.01275E-3 7.15893E-3
-9999 -9999 -9999 -9999 -9999 0E0 0E0 0E0 0E0 0E0 0E0 0E0 0E0 0E0 0E0 0E0 0E0 0E0 0E0 0E0 7.96336E-4 2.80183E-3 4.84835E-3 5.7659E-3
-9999 -9999 -9999 -9999 -9999 0E0 0E0 0E0 0E0 0E0 0E0 0E0 0E0 0E0 0E0 0E0 0E0 0E0 0E0 0E0 5.11677E-3 6.51324E-3 8.46972E-3 6.30511E-3
-9999 -9999 -9999 -9999 -9999 0E0 0E0 0E0 0E0 0E0 0E0 0E0 0E0 0E0 0E0 0E0 0E0 0E0 0E0 7.43379E-3 1.73064E-2 1.96246E-2 1.4394E-2 8.23601E-3
-9999 -9999 -9999 -9999 -9999 6.51588E-3 0E0 0E0 0E0 0E0 0E0 0E0 0E0 0E0 0E0 0E0 0E0 4.27406E-4 6.17004E-3 1.03631E-2 1.39547E-2 1.73807E-2 1.83515E-2 1.84389E-2
-9999 -9999 -9999 -9999 -9999 1.70766E-2 1.04176E-2 1.73457E-3 0E0 0E0 0E0 0E0 0E0 0E0 0E0 0E0 3.84892E-3 7.27699E-3 1.02896E-2 1.24477E-2 1.39446E-2 1.47988E-2 1.93255E-2 2.7131E-2
-9999 -9999 -9999 -9999 -9999 1.59437E-2 2.33235E-2 1.78551E-2 1.35154E-2 1.04206E-2 7.56898E-3 4.9027E-3 4.26521E-3 4.26348E-3 5.41321E-3 7.4002E-3 8.88019E-3 1.08322E-2 1.23213E-2 1.40558E-2 1.50425E-2 1.56173E-2 1.92843E-2 2.40281E-2
-9999 -9999 -9999 -9999 -9999 1.54199E-2 1.27453E-2 1.3068E-2 1.21967E-2 1.45244E-2 1.97322E-2 2.19983E-2 1.8264E-2 1.50664E-2 1.15447E-2 1.20746E-2 1.18579E-2 1.33526E-2 1.39435E-2 1.47284E-2 1.56866E-2 1.6002E-2 1.51794E-2 1.28695E-2
