analysis/maxent/LEH/2014_3/d2c_clamping.asc
ncols         24
nrows         22
xllcorner     -163.028494180372
yllcorner     19.3009582783358
cellsize      0.25
NODATA_value  -9999
-9999 -9999 -9999 -9999 -9999 1.14867E-1 1.10283E-1 6.05446E-2 5.25014E-2 8.66536E-2 7.50722E-2 5.43406E-2 5.90528E-2 6.61197E-2 7.46185E-2 8.18804E-2 6.99601E-2 7.69993E-2 6.00623E-2 5.18925E-2 4.967E-2 3.96991E-2 4.21598E-2 3.67172E-2
-9999 -9999 -9999 -9999 -9999 5.30906E-2 5.18863E-2 6.07276E-2 3.51106E-2 4.72995E-2 4.35659E-2 3.78429E-2 3.60432E-2 4.35211E-2 4.32523E-2 4.67445E-2 5.05913E-2 6.0543E-2 5.13652E-2 4.38548E-2 3.98091E-2 3.91242E-2 3.96639E-2 3.73537E-2
-9999 -9999 -9999 -9999 -9999 4.07648E-2 3.87585E-2 3.15107E-2 1.37237E-2 0E0 0E0 0E0 0E0 0E0 2.07771E-3 1.91885E-2 2.77522E-2 4.2229E-2 3.61423E-2 3.50464E-2 3.58852E-2 3.75241E-2 3.78096E-2 3.71383E-2
-9999 -9999 -9999 -9999 -9999 2.31361E-2 2.11646E-3 0E0 0E0 0E0 0E0 0E0 0E0 0E0 0E0 0E0 0E0 1.47787E-2 2.6717E-2 3.27127E-2 3.462E-2 3.54807E-2 3.59602E-2 3.32137E-2
-9999 -9999 -9999 -9999 -9999 0E0 0E0 0E0 0E0 0E0 0E0 0E0 0E0 0E0 0E0 0E0 0E0 0E0 5.80098E-3 2.24595E-2 3.11812E-2 3.50652E-2 3.662E-2 3.72391E-2
-9999 -9999 -9999 -9999 -9999 0E0 0E0 0E0 0E0 0E0 0E0 0E0 0E0 0E0 0E0 0E0 0E0 0E0 0E0 4.73605E-3 2.40379E-2 3.28747E-2 3.65096E-2 3.749E-2
-9999 -9999 -9999 -9999 -9999 0E0 0E0 0E0 0E0 0E0 0E0 0E0 0E0 0E0 0E0 0E0 0E0 0E0 0E0 0E0 1.27751E-2 2.92257E-2 3.62791E-2 3.84335E-2
-9999 -9999 -9999 -9999 -9999 0E0 0E0 0E0 0E0 0E0 0E0 0E0 0E0 0E0 0E0 0E0 0E0 0E0 0E0 0E0 0E0 2.58413E-2 3.70184E-2 4.06954E-2
-9999 -9999 -9999 -9999 -9999 0E0 0E0 0E0 0E0 0E0 0E0 0E0 0E0 0E0 0E0 0E0 0E0 0E0 0E0 0E0 0E0 2.84429E-2 5.27019E-2 4.73387E-2
-9999 -9999 -9999 -9999 -9999 0E0 0E0 0E0 0E0 0E0 0E0 0E0 0E0 0E0 0E0 0E0 0E0 0E0 0E0 0E0 0E0 1.65245E-2 7.24761E-2 5.41154E-2
-9999 -9999 -9999 -9999 -9999 0E0 0E0 0E0 0E0 0E0 0E0 0E0 0E0 0E0 0E0 0E0 0E0 0E0 0E0 0E0 0E0 5.03663E-3 4.00858E-2 3.66827E-2
-9999 -9999 -9999 -9999 -9999 0E0 0E0 0E0 0E0 0E0 0E0 0E0 0E0 0E0 0E0 0E0 0E0 0E0 0E0 0E0 0E0 1.41428E-3 2.54386E-2 3.70239E-2
-9999 -9999 -9999 -9999 -9999 0E0 0E0 0E0 0E0 0E0 0E0 0E0 0E0 0E0 0E0 0E0 0E0 0E0 0E0 0E0 0E0 2.3301E-3 1.69118E-2 3.54535E-2
-9999 -9999 -9999 -9999 -9999 0E0 0E0 0E0 0E0 0E0 0E0 0E0 0E0 0E0 0E0 0E0 0E0 0E0 0E0 0E0 0E0 4.38871E-3 1.22329E-2 1.80003E-2
-9999 -9999 -9999 -9999 -9999 0E0 0E0 0E0 0E0 0E0 0E0 0E0 0E0 0E0 0E0 0E0 0E0 0E0 0E0 0E0 0E0 8.44077E-3 1.31651E-2 1.43558E-2
-9999 -9999 -9999 -9999 -9999 0E0 0E0 0E0 0E0 0E0 0E0 0E0 0E0 0E0 0E0 0E0 0E0 0E0 0E0 0E0 4.5133E-3 1.36821E-2 2.10473E-2 2.06216E-2
-9999 -9999 -9999 -9999 -9999 0E0 0E0 0E0 0E0 0E0 0E0 0E0 0E0 0E0 0E0 0E0 0E0 0E0 0E0 0E0 3.02659E-2 3.58053E-2 4.06683E-2 2.72757E-2
-9999 -9999 -9999 -9999 -9999 0E0 0E0 0E0 0E0 0E0 0E0 0E0 0E0 0E0 0E0 0E0 0E0 0E0 0E0 4.71501E-2 1.01811E-1 1.04182E-1 6.5921E-2 3.10777E-2
-9999 -9999 -9999 -9999 -9999 5.71839E-2 0E0 0E0 0E0 0E0 0E0 0E0 0E0 0E0 0E0 0E0 0E0 3.53332E-3 4.67642E-2 7.32224E-2 9.30775E-2 9.56241E-2 7.6499E-2 5.93015E-2
-9999 -9999 -9999 -9999 -9999 1.80467E-1 9.88947E-2 1.78894E-2 0E0 0E0 0E0 0E0 0E0 0E0 0E0 0E0 3.28889E-2 6.0073E-2 8.03338E-2 9.06985E-2 9.73147E-2 9.02829E-2 9.45326E-2 9.91322E-2
-9999 -9999 -9999 -9999 -9999 2.4395E-1 2.2003E-1 1.66799E-1 1.30316E-1 9.22094E-2 6.43688E-2 4.41229E-2 3.96468E-2 4.12846E-2 5.28542E-2 6.87855E-2 7.80286E-2 9.15342E-2 9.89873E-2 1.05203E-1 1.06665E-1 1.04295E-1 1.1023E-1 1.10802E-1
-9999 -9999 -9999 -9999 -9999 2.6686E-1 2.46847E-1 2.30574E-1 2.11261E-1 2.00667E-1 1.96561E-1 1.90437E-1 1.63963E-1 1.37963E-1 1.07938E-1 1.10102E-1 1.03711E-1 1.11698E-1 1.11553E-1 1.10453E-1 1.11953E-1 1.08988E-1 9.30425E-2 6.71631E-2
