analysis/maxent/LEH/2014_3/envonly.asc
ncols         24
nrows         22
xllcorner     -163.028494180372
yllcorner     19.3009582783358
cellsize      0.25
NODATA_value  -9999
-9999 -9999 -9999 -9999 -9999 6.25593E-1 6.64984E-1 4.18528E-1 4.08549E-1 6.41567E-1 6.2149E-1 5.18526E-1 5.50073E-1 5.90149E-1 6.35574E-1 6.73974E-1 6.01563E-1 6.41121E-1 5.14113E-1 4.42021E-1 4.238E-1 3.94003E-1 3.92424E-1 4.18713E-1
-9999 -9999 -9999 -9999 -9999 3.46968E-1 3.68321E-1 4.64419E-1 3.69393E-1 4.9273E-1 5.27174E-1 5.24524E-1 5.33188E-1 6.13554E-1 5.64982E-1 5.36735E-1 5.21828E-1 5.64699E-1 4.6536E-1 4.08514E-1 4.00033E-1 4.01862E-1 3.9379E-1 4.204E-1
-9999 -9999 -9999 -9999 -9999 3.78551E-1 3.55109E-1 4.43713E-1 5.3099E-1 6.00201E-1 4.90735E-1 4.97979E-1 5.03963E-1 4.8974E-1 4.81928E-1 5.70174E-1 4.63865E-1 5.03736E-1 4.04422E-1 4.41906E-1 4.59043E-1 4.35113E-1 4.29526E-1 4.41212E-1
-9999 -9999 -9999 -9999 -9999 3.5895E-1 3.24048E-1 3.66362E-1 4.85522E-1 4.29843E-1 3.71795E-1 3.80376E-1 4.72282E-1 5.6075E-1 4.30484E-1 4.73819E-1 4.80056E-1 4.50403E-1 4.06422E-1 4.0087E-1 4.46525E-1 4.76059E-1 4.82098E-1 5.55946E-1
-9999 -9999 -9999 -9999 -9999 4.67672E-1 3.44829E-1 2.35707E-1 3.64614E-1 3.21295E-1 3.02869E-1 3.33002E-1 4.17468E-1 5.65131E-1 6.24042E-1 5.83554E-1 5.52518E-1 5.18544E-1 4.21351E-1 4.00026E-1 4.22952E-1 4.50807E-1 4.67579E-1 4.75093E-1
-9999 -9999 -9999 -9999 -9999 4.98686E-1 3.29048E-1 1.56468E-1 2.87383E-1 2.86528E-1 3.27388E-1 4.05266E-1 4.95415E-1 5.7959E-1 6.30111E-1 6.53196E-1 5.97936E-1 4.64144E-1 4.35642E-1 4.32152E-1 4.04513E-1 4.27818E-1 4.5334E-1 4.82087E-1
-9999 -9999 -9999 -9999 -9999 2.64728E-1 3.23877E-1 1.41139E-1 1.19269E-1 2.19238E-1 4.27509E-1 5.42693E-1 5.90073E-1 6.03924E-1 6.15987E-1 6.29204E-1 6.42727E-1 5.74554E-1 3.86142E-1 3.93852E-1 3.82559E-1 4.00661E-1 4.28601E-1 4.69373E-1
-9999 -9999 -9999 -9999 -9999 2.22933E-1 2.7581E-1 2.73703E-1 3.5396E-1 2.32082E-1 5.27829E-1 5.72828E-1 5.86712E-1 3.49216E-1 3.21314E-1 3.47866E-1 3.38124E-1 5.40079E-1 6.40832E-1 5.61856E-1 4.64801E-1 3.92036E-1 3.97091E-1 4.36899E-1
-9999 -9999 -9999 -9999 -9999 2.29338E-1 2.46909E-1 2.80642E-1 3.84262E-1 3.16484E-1 5.07744E-1 5.23671E-1 3.03272E-1 4.76791E-1 6.40549E-1 6.33266E-1 4.84375E-1 3.68855E-1 6.33798E-1 6.5432E-1 6.40797E-1 5.90408E-1 5.00075E-1 4.07208E-1
-9999 -9999 -9999 -9999 -9999 1.22353E-1 1.46414E-1 2.133E-1 2.74876E-1 2.7005E-1 3.01676E-1 3.75746E-1 5.74306E-1 6.24575E-1 6.11509E-1 6.59481E-1 5.2001E-1 3.95156E-1 6.18112E-1 6.36339E-1 6.54027E-1 6.67279E-1 6.62377E-1 4.17837E-1
-9999 -9999 -9999 -9999 -9999 9.89825E-2 1.11173E-1 1.2875E-1 1.84486E-1 2.99044E-1 5.59216E-1 5.44824E-1 4.94247E-1 2.91979E-1 2.89329E-1 6.08127E-1 6.60954E-1 5.32734E-1 3.28289E-1 3.37321E-1 4.48449E-1 5.57896E-1 4.00144E-1 5.43521E-1
-9999 -9999 -9999 -9999 -9999 9.6208E-2 1.01768E-1 1.20236E-1 1.95585E-1 3.72303E-1 3.85314E-1 2.9819E-1 3.79161E-1 3.15153E-1 3.58474E-1 5.93002E-1 6.21853E-1 5.65381E-1 6.11798E-1 6.33597E-1 6.66937E-1 6.91028E-1 5.90147E-1 5.65916E-1
-9999 -9999 -9999 -9999 -9999 9.35244E-2 9.67582E-2 1.00628E-1 1.80358E-1 2.699E-1 2.96108E-1 3.14284E-1 3.96699E-1 4.48486E-1 5.00489E-1 5.74224E-1 5.37727E-1 3.59367E-1 2.75577E-1 2.25053E-1 3.02334E-1 5.58334E-1 6.69316E-1 6.49568E-1
-9999 -9999 -9999 -9999 -9999 8.43498E-2 9.20416E-2 9.10625E-2 1.33651E-1 2.49173E-1 2.21755E-1 1.61527E-1 1.89925E-1 3.02112E-1 3.37862E-1 2.0299E-1 1.17684E-1 2.11582E-1 1.61029E-1 9.01837E-2 9.71504E-2 2.42299E-1 4.55041E-1 5.84469E-1
-9999 -9999 -9999 -9999 -9999 7.28209E-2 7.98988E-2 7.69984E-2 7.61023E-2 6.90949E-2 7.0242E-2 7.51371E-2 7.3729E-2 9.75898E-2 1.33247E-1 8.80095E-2 1.26849E-1 1.72026E-1 1.92812E-1 1.49616E-1 8.38425E-2 1.13637E-1 1.39396E-1 1.81817E-1
-9999 -9999 -9999 -9999 -9999 6.46016E-2 7.3547E-2 8.71808E-2 1.05586E-1 1.31216E-1 1.04321E-1 1.05793E-1 1.10602E-1 1.04769E-1 8.7473E-2 9.04502E-2 7.95909E-2 1.10467E-1 1.64183E-1 2.07225E-1 1.35337E-1 8.11575E-2 1.29887E-1 1.17791E-1
-9999 -9999 -9999 -9999 -9999 1.25574E-1 1.24355E-1 1.16792E-1 1.10884E-1 1.03162E-1 9.47394E-2 8.81411E-2 8.40863E-2 8.06596E-2 7.2382E-2 8.32887E-2 1.07897E-1 1.35189E-1 9.67228E-2 9.52043E-2 2.21924E-1 2.03002E-1 2.04529E-1 1.53698E-1
-9999 -9999 -9999 -9999 -9999 1.17077E-1 1.08729E-1 1.04211E-1 9.85371E-2 9.19875E-2 8.21985E-2 7.38868E-2 7.09882E-2 6.98933E-2 7.12979E-2 8.37685E-2 1.04272E-1 1.06925E-1 8.65155E-2 7.9231E-2 9.25811E-2 8.46054E-2 2.82235E-1 2.55903E-1
-9999 -9999 -9999 -9999 -9999 1.38691E-1 1.2088E-1 8.78207E-2 8.11972E-2 7.99325E-2 7.6941E-2 7.16555E-2 6.65006E-2 6.87673E-2 7.31763E-2 8.00452E-2 9.07586E-2 9.18783E-2 9.1494E-2 9.97338E-2 9.42011E-2 1.19372E-1 2.44499E-1 4.17556E-1
-9999 -9999 -9999 -9999 -9999 1.36707E-1 1.10651E-1 6.52142E-2 6.25124E-2 7.05186E-2 7.70804E-2 7.35396E-2 6.66764E-2 6.81237E-2 7.55562E-2 8.32029E-2 8.49833E-2 9.46797E-2 9.82708E-2 1.07633E-1 1.13427E-1 1.44835E-1 1.5804E-1 1.55334E-1
-9999 -9999 -9999 -9999 -9999 1.22051E-1 1.36211E-1 1.25327E-1 1.40356E-1 1.41233E-1 1.41921E-1 1.07937E-1 8.26217E-2 6.58206E-2 7.3106E-2 7.75279E-2 9.63404E-2 9.58536E-2 1.01987E-1 1.01328E-1 1.06368E-1 1.15889E-1 1.03275E-1 1.17562E-1
-9999 -9999 -9999 -9999 -9999 1.1373E-1 1.0673E-1 1.14237E-1 1.15842E-1 1.32698E-1 1.43714E-1 1.41572E-1 1.12638E-1 8.49117E-2 6.68662E-2 7.14497E-2 9.22966E-2 8.7831E-2 9.6565E-2 1.03255E-1 1.02782E-1 1.09932E-1 1.51822E-1 2.51338E-1
