analysis/maxent/LEH/2014_3/envonly.asc
ncols         24
nrows         22
xllcorner     -163.028494180372
yllcorner     19.3009582783358
cellsize      0.25
NODATA_value  -9999
-9999 -9999 -9999 -9999 -9999 8.12857E-1 7.98808E-1 4.53078E-1 4.13473E-1 6.75231E-1 6.26565E-1 4.8957E-1 5.66184E-1 6.34739E-1 6.78508E-1 6.88311E-1 5.60438E-1 5.81234E-1 4.64821E-1 4.13282E-1 3.88687E-1 3.69436E-1 3.39084E-1 3.62423E-1
-9999 -9999 -9999 -9999 -9999 4.63828E-1 4.45222E-1 5.56352E-1 4.32071E-1 5.62181E-1 5.84219E-1 5.46243E-1 5.27684E-1 5.91993E-1 5.23884E-1 4.98015E-1 4.7755E-1 5.20417E-1 4.22448E-1 3.77797E-1 4.11401E-1 4.12063E-1 3.90166E-1 3.98951E-1
-9999 -9999 -9999 -9999 -9999 5.79577E-1 4.90082E-1 6.07687E-1 7.14063E-1 8.3485E-1 7.11207E-1 6.81117E-1 6.1202E-1 5.18984E-1 4.70083E-1 5.4219E-1 4.48389E-1 5.02169E-1 3.86822E-1 4.56061E-1 5.09345E-1 4.85876E-1 4.68915E-1 4.58473E-1
-9999 -9999 -9999 -9999 -9999 6.14933E-1 5.44237E-1 6.13782E-1 8.29495E-1 8.49653E-1 8.0697E-1 7.78419E-1 7.75145E-1 7.27457E-1 4.65462E-1 4.73597E-1 4.94567E-1 4.80422E-1 4.17598E-1 4.29912E-1 5.03572E-1 5.58583E-1 5.61608E-1 6.32784E-1
-9999 -9999 -9999 -9999 -9999 8.51171E-1 7.04358E-1 5.753E-1 8.58665E-1 8.54351E-1 8.24837E-1 8.15443E-1 8.2225E-1 8.36693E-1 7.56932E-1 6.4534E-1 5.97692E-1 5.79331E-1 4.5603E-1 4.59458E-1 4.91899E-1 5.3738E-1 5.52161E-1 5.26777E-1
-9999 -9999 -9999 -9999 -9999 9.53309E-1 8.82672E-1 5.96308E-1 8.81029E-1 8.82758E-1 8.79759E-1 8.84338E-1 8.92095E-1 8.67442E-1 8.28897E-1 7.87713E-1 6.76932E-1 5.10183E-1 5.03409E-1 5.29007E-1 5.00897E-1 5.40051E-1 5.58024E-1 5.40444E-1
-9999 -9999 -9999 -9999 -9999 9.18888E-1 9.59927E-1 7.17061E-1 5.87945E-1 7.73266E-1 9.25864E-1 9.0789E-1 8.90634E-1 8.7254E-1 8.51787E-1 8.31261E-1 8.01677E-1 6.74411E-1 4.40146E-1 4.69407E-1 4.82211E-1 5.26679E-1 5.4638E-1 5.35073E-1
-9999 -9999 -9999 -9999 -9999 9.4923E-1 9.71112E-1 9.58033E-1 9.62541E-1 7.31274E-1 9.30326E-1 9.24206E-1 9.04909E-1 5.64705E-1 5.13336E-1 5.18349E-1 4.81525E-1 6.99443E-1 7.67138E-1 6.86958E-1 5.85955E-1 4.88559E-1 4.93262E-1 4.85126E-1
-9999 -9999 -9999 -9999 -9999 9.68324E-1 9.63579E-1 9.57801E-1 9.64313E-1 8.1504E-1 9.30135E-1 9.24375E-1 6.42529E-1 8.54899E-1 9.15498E-1 9.02537E-1 7.81406E-1 5.41053E-1 8.28897E-1 8.34024E-1 8.03138E-1 7.30832E-1 5.91917E-1 4.22013E-1
-9999 -9999 -9999 -9999 -9999 8.05972E-1 8.27776E-1 9.16675E-1 9.20806E-1 8.14025E-1 8.00529E-1 8.74993E-1 9.67176E-1 9.65213E-1 9.41057E-1 9.38714E-1 8.45841E-1 6.25474E-1 8.74787E-1 8.73764E-1 8.82675E-1 8.68604E-1 8.09905E-1 4.59288E-1
-9999 -9999 -9999 -9999 -9999 7.65988E-1 7.60156E-1 7.77061E-1 8.48145E-1 9.48321E-1 9.93438E-1 9.86783E-1 9.76162E-1 9.2523E-1 8.77258E-1 9.54936E-1 9.61998E-1 8.84939E-1 5.82635E-1 5.51648E-1 6.94762E-1 7.94144E-1 5.5592E-1 7.34147E-1
-9999 -9999 -9999 -9999 -9999 8.01125E-1 7.87001E-1 8.30996E-1 9.43145E-1 9.92961E-1 9.89309E-1 9.77757E-1 9.78476E-1 9.68521E-1 9.65262E-1 9.80131E-1 9.73373E-1 9.36098E-1 9.32081E-1 9.20414E-1 9.18785E-1 9.14657E-1 8.62207E-1 8.20957E-1
-9999 -9999 -9999 -9999 -9999 8.39064E-1 8.29201E-1 8.41291E-1 9.73178E-1 9.91025E-1 9.89567E-1 9.86038E-1 9.9019E-1 9.88565E-1 9.86735E-1 9.88323E-1 9.77463E-1 9.39627E-1 8.96462E-1 8.56717E-1 8.48798E-1 8.82998E-1 9.08896E-1 8.8966E-1
-9999 -9999 -9999 -9999 -9999 8.67325E-1 8.69701E-1 8.66666E-1 9.59454E-1 9.96498E-1 9.90706E-1 9.66663E-1 9.71475E-1 9.91133E-1 9.88844E-1 9.15411E-1 7.52845E-1 9.58407E-1 8.68658E-1 8.03495E-1 7.99001E-1 8.51453E-1 8.64474E-1 8.71193E-1
-9999 -9999 -9999 -9999 -9999 8.83615E-1 8.85196E-1 8.67245E-1 8.62341E-1 8.17325E-1 8.07552E-1 7.92986E-1 7.83923E-1 8.75879E-1 9.4894E-1 7.88586E-1 8.74969E-1 9.1387E-1 8.87796E-1 8.32548E-1 7.97669E-1 8.24406E-1 8.14308E-1 8.09602E-1
-9999 -9999 -9999 -9999 -9999 8.83274E-1 9.09106E-1 9.34925E-1 9.5527E-1 9.77708E-1 9.34088E-1 9.24984E-1 9.23328E-1 8.94424E-1 8.13793E-1 8.05446E-1 7.32435E-1 8.05542E-1 8.7909E-1 9.03336E-1 8.21284E-1 7.81269E-1 8.17643E-1 7.93656E-1
-9999 -9999 -9999 -9999 -9999 9.90527E-1 9.89053E-1 9.79873E-1 9.67995E-1 9.47772E-1 9.18564E-1 8.89395E-1 8.679E-1 8.31029E-1 7.81783E-1 8.30322E-1 8.97626E-1 9.31475E-1 7.41542E-1 6.86127E-1 9.47249E-1 9.40518E-1 9.37145E-1 8.54737E-1
-9999 -9999 -9999 -9999 -9999 9.82281E-1 9.76572E-1 9.69342E-1 9.54383E-1 9.30472E-1 8.91139E-1 8.38805E-1 8.22139E-1 8.12014E-1 8.18765E-1 8.63325E-1 9.12919E-1 8.95279E-1 7.72076E-1 6.76783E-1 7.39592E-1 6.97552E-1 9.7452E-1 9.336E-1
-9999 -9999 -9999 -9999 -9999 9.95311E-1 9.88532E-1 9.44557E-1 9.167E-1 9.01083E-1 8.78316E-1 8.35301E-1 8.25523E-1 8.37026E-1 8.45792E-1 8.55982E-1 8.67836E-1 8.52808E-1 8.28979E-1 8.39302E-1 8.08028E-1 8.45665E-1 9.50887E-1 9.80221E-1
-9999 -9999 -9999 -9999 -9999 9.97788E-1 9.8666E-1 8.63381E-1 8.44509E-1 8.6258E-1 8.89305E-1 8.63336E-1 8.26953E-1 8.38603E-1 8.628E-1 8.66046E-1 8.36498E-1 8.68953E-1 8.67819E-1 8.80424E-1 8.94831E-1 9.49664E-1 8.96557E-1 7.49719E-1
-9999 -9999 -9999 -9999 -9999 9.98426E-1 9.96186E-1 9.875E-1 9.9374E-1 9.92618E-1 9.90776E-1 9.61518E-1 8.99889E-1 8.19233E-1 8.48749E-1 8.44553E-1 8.92895E-1 8.86632E-1 8.95845E-1 8.73548E-1 8.80197E-1 9.02467E-1 8.27089E-1 7.57202E-1
-9999 -9999 -9999 -9999 -9999 9.95902E-1 9.95522E-1 9.94043E-1 9.9309E-1 9.92953E-1 9.91875E-1 9.87284E-1 9.60487E-1 8.95723E-1 8.09724E-1 8.15911E-1 8.85219E-1 8.58137E-1 8.8058E-1 8.84102E-1 8.73887E-1 8.87941E-1 9.56722E-1 9.84286E-1
