analysis/maxent/LEH/2014_3/ert.asc
ncols         24
nrows         22
xllcorner     -163.028494180372
yllcorner     19.3009582783358
cellsize      0.25
NODATA_value  -9999
-9999 -9999 -9999 -9999 -9999 -9999 -9999 -9999 -9999 -9999 -9999 -9999 -9999 -9999 -9999 -9999 -9999 -9999 -9999 -9999 -9999 -9999 -9999 -9999
-9999 -9999 -9999 -9999 -9999 -9999 -9999 -9999 -9999 -9999 -9999 -9999 -9999 -9999 -9999 -9999 -9999 -9999 -9999 -9999 -9999 -9999 -9999 -9999
-9999 -9999 -9999 -9999 -9999 -9999 -9999 -9999 8.11366E-2 5.88327E-2 4.42179E-2 3.18452E-2 3.66287E-2 5.77694E-2 6.52903E-2 -9999 -9999 -9999 -9999 -9999 -9999 -9999 -9999 -9999
-9999 -9999 -9999 -9999 -9999 -9999 4.12749E-2 8.0024E-2 1.21408E-1 1.00988E-1 9.36803E-2 1.12498E-1 1.44394E-1 1.73498E-1 1.33037E-1 1.43738E-1 1.49851E-1 -9999 -9999 -9999 -9999 -9999 -9999 -9999
-9999 -9999 -9999 -9999 -9999 2.40539E-2 5.06477E-2 1.34231E-1 2.29328E-1 1.77808E-1 1.76079E-1 1.91974E-1 2.44101E-1 3.26769E-1 3.97217E-1 3.48907E-1 2.85495E-1 1.02755E-1 -9999 -9999 -9999 -9999 -9999 -9999
-9999 -9999 -9999 -9999 -9999 2.96088E-2 9.89488E-2 1.04337E-1 2.17813E-1 1.83143E-1 2.07863E-1 2.59407E-1 2.8512E-1 3.24979E-1 3.85145E-1 4.23961E-1 3.62805E-1 2.16172E-1 5.39E-2 -9999 -9999 -9999 -9999 -9999
-9999 -9999 -9999 -9999 -9999 3.09516E-2 7.4703E-2 8.55695E-2 1.14583E-1 2.21538E-1 3.16467E-1 3.75482E-1 3.68239E-1 3.90846E-1 4.24605E-1 4.00016E-1 4.10322E-1 3.40464E-1 9.83862E-2 2.39276E-2 -9999 -9999 -9999 -9999
-9999 -9999 -9999 -9999 -9999 4.2023E-2 6.83143E-2 7.7408E-2 1.23178E-1 2.12784E-1 4.51211E-1 4.7316E-1 5.77092E-1 4.01029E-1 3.26518E-1 2.97986E-1 2.43081E-1 3.45676E-1 3.20077E-1 6.57924E-2 1.99467E-2 -9999 -9999 -9999
-9999 -9999 -9999 -9999 -9999 6.36751E-2 8.23699E-2 8.19435E-2 1.39895E-1 2.92411E-1 6.52604E-1 6.88246E-1 4.38922E-1 3.99313E-1 3.25902E-1 2.63247E-1 2.25448E-1 2.57896E-1 3.09532E-1 2.34091E-1 9.90095E-2 4.83699E-2 -9999 -9999
-9999 -9999 -9999 -9999 -9999 7.60878E-2 1.00689E-1 1.3821E-1 2.14275E-1 3.4797E-1 4.95755E-1 5.75239E-1 5.72497E-1 4.32533E-1 3.12466E-1 2.76799E-1 2.46398E-1 2.94936E-1 2.80349E-1 2.94173E-1 9.93513E-2 7.8734E-2 -9999 -9999
-9999 -9999 -9999 -9999 -9999 8.51352E-2 1.13332E-1 1.51668E-1 2.34727E-1 3.89398E-1 5.9977E-1 6.7184E-1 5.78817E-1 3.41355E-1 1.95499E-1 2.46207E-1 2.45947E-1 2.05799E-1 1.84885E-1 1.78494E-1 6.66278E-2 5.66662E-2 4.42223E-2 -9999
-9999 -9999 -9999 -9999 -9999 8.56083E-2 1.08019E-1 1.37576E-1 2.05372E-1 3.00001E-1 3.99544E-1 4.72291E-1 4.64969E-1 3.31691E-1 2.11077E-1 2.40793E-1 2.0737E-1 1.33956E-1 1.31503E-1 1.26081E-1 4.74305E-2 2.45853E-2 2.69357E-2 -9999
-9999 -9999 -9999 -9999 -9999 7.67774E-2 9.4651E-2 1.08507E-1 1.51766E-1 1.76366E-1 2.50275E-1 3.04535E-1 3.70006E-1 3.12011E-1 2.54958E-1 2.398E-1 1.72457E-1 8.22589E-2 5.29186E-2 4.42636E-2 2.22123E-2 2.5489E-2 2.81652E-2 -9999
-9999 -9999 -9999 -9999 -9999 6.22665E-2 7.98725E-2 8.98339E-2 1.15253E-1 1.55376E-1 1.95925E-1 2.20246E-1 2.29747E-1 2.0978E-1 1.6825E-1 1.36236E-1 9.52845E-2 5.46474E-2 3.12267E-2 2.02259E-2 1.01319E-2 1.23224E-2 -9999 -9999
-9999 -9999 -9999 -9999 -9999 4.99632E-2 6.31485E-2 7.24817E-2 8.00487E-2 1.01823E-1 1.16144E-1 1.31861E-1 1.23675E-1 1.14871E-1 9.59698E-2 8.00913E-2 1.12582E-1 5.60881E-2 3.79331E-2 7.96514E-3 2.22668E-3 -9999 -9999 -9999
-9999 -9999 -9999 -9999 -9999 4.22209E-2 5.59053E-2 7.49649E-2 1.01074E-1 1.35907E-1 1.19453E-1 1.23562E-1 1.28439E-1 1.20823E-1 9.58699E-2 8.44054E-2 5.76084E-2 5.08624E-2 3.07695E-2 5.79278E-3 2.69989E-3 -9999 -9999 -9999
-9999 -9999 -9999 -9999 -9999 3.81742E-2 7.76031E-2 8.26195E-2 8.72632E-2 8.84079E-2 8.42713E-2 8.00558E-2 7.6967E-2 7.30726E-2 6.11359E-2 5.20642E-2 4.68706E-2 3.35459E-2 8.50006E-3 6.72007E-3 6.32595E-3 -9999 -9999 -9999
-9999 -9999 -9999 -9999 -9999 1.60855E-2 5.1388E-2 6.72252E-2 6.78206E-2 6.57391E-2 6.04122E-2 5.36614E-2 5.04294E-2 4.93886E-2 4.59055E-2 4.47084E-2 3.94413E-2 1.33269E-2 4.41059E-3 6.98693E-3 -9999 -9999 -9999 -9999
-9999 -9999 -9999 -9999 -9999 -9999 4.00724E-2 3.94819E-2 4.48263E-2 4.61152E-2 4.49339E-2 4.03417E-2 3.64045E-2 3.45687E-2 3.36595E-2 3.22324E-2 2.27389E-2 1.27137E-2 4.25221E-3 -9999 -9999 -9999 -9999 -9999
-9999 -9999 -9999 -9999 -9999 -9999 -9999 2.87697E-2 1.17299E-2 5.41083E-3 5.56795E-3 5.01311E-3 4.53603E-3 4.49745E-3 5.81347E-3 1.1745E-2 2.26459E-2 1.24934E-2 -9999 -9999 -9999 -9999 -9999 -9999
-9999 -9999 -9999 -9999 -9999 -9999 -9999 -9999 -9999 5.18447E-3 4.66351E-3 2.5529E-3 2.71018E-3 2.20019E-3 5.77395E-3 1.16237E-2 -9999 -9999 -9999 -9999 -9999 -9999 -9999 -9999
-9999 -9999 -9999 -9999 -9999 -9999 -9999 -9999 -9999 -9999 3.98471E-3 3.26027E-3 3.56694E-3 2.99275E-3 -9999 -9999 -9999 -9999 -9999 -9999 -9999 -9999 -9999 -9999
