analysis/maxent/LEH/2014_3/ert.asc
ncols         24
nrows         22
xllcorner     -163.028494180372
yllcorner     19.3009582783358
cellsize      0.25
NODATA_value  -9999
-9999 -9999 -9999 -9999 -9999 -9999 -9999 -9999 -9999 -9999 -9999 -9999 -9999 -9999 -9999 -9999 -9999 -9999 -9999 -9999 -9999 -9999 -9999 -9999
-9999 -9999 -9999 -9999 -9999 -9999 -9999 -9999 -9999 -9999 -9999 -9999 -9999 -9999 -9999 -9999 -9999 -9999 -9999 -9999 -9999 -9999 -9999 -9999
-9999 -9999 -9999 -9999 -9999 -9999 -9999 -9999 8.45963E-1 8.66819E-1 8.29402E-1 8.26445E-1 8.04406E-1 7.74179E-1 7.16928E-1 -9999 -9999 -9999 -9999 -9999 -9999 -9999 -9999 -9999
-9999 -9999 -9999 -9999 -9999 -9999 5.94153E-1 7.10454E-1 8.3525E-1 7.64802E-1 7.25045E-1 7.68727E-1 8.20757E-1 8.41466E-1 7.01679E-1 6.70361E-1 6.38034E-1 -9999 -9999 -9999 -9999 -9999 -9999 -9999
-9999 -9999 -9999 -9999 -9999 5.55534E-1 5.57801E-1 5.60411E-1 7.74468E-1 6.76598E-1 6.67746E-1 6.86267E-1 7.55722E-1 8.31978E-1 8.64196E-1 7.70744E-1 6.92186E-1 6.34998E-1 -9999 -9999 -9999 -9999 -9999 -9999
-9999 -9999 -9999 -9999 -9999 4.40103E-1 4.69058E-1 4.61076E-1 7.23958E-1 6.40894E-1 6.78431E-1 7.48526E-1 7.6239E-1 7.82104E-1 8.09009E-1 8.09665E-1 7.25342E-1 5.62901E-1 4.21278E-1 -9999 -9999 -9999 -9999 -9999
-9999 -9999 -9999 -9999 -9999 2.60348E-1 3.77411E-1 3.76503E-1 4.31625E-1 6.51339E-1 7.7764E-1 8.24643E-1 7.9904E-1 8.03298E-1 8.09361E-1 7.31152E-1 7.2436E-1 6.36134E-1 4.02239E-1 3.83046E-1 -9999 -9999 -9999 -9999
-9999 -9999 -9999 -9999 -9999 2.49353E-1 3.28896E-1 3.29968E-1 4.27359E-1 5.69584E-1 8.55068E-1 8.53724E-1 9.13359E-1 7.53174E-1 6.57475E-1 5.29775E-1 3.71566E-1 5.57853E-1 6.04705E-1 5.12764E-1 4.20701E-1 -9999 -9999 -9999
-9999 -9999 -9999 -9999 -9999 3.15166E-1 3.51769E-1 3.24073E-1 4.37305E-1 6.47147E-1 9.37192E-1 9.39712E-1 7.3069E-1 6.84307E-1 6.01085E-1 3.30088E-1 2.01421E-1 3.33607E-1 4.46988E-1 5.18967E-1 5.06243E-1 4.8951E-1 -9999 -9999
-9999 -9999 -9999 -9999 -9999 3.33874E-1 3.85395E-1 4.45208E-1 5.40725E-1 6.6313E-1 7.34781E-1 7.5949E-1 7.4832E-1 6.47279E-1 5.39104E-1 4.42816E-1 1.96501E-1 2.57106E-1 3.24719E-1 3.6698E-1 3.39723E-1 3.79323E-1 -9999 -9999
-9999 -9999 -9999 -9999 -9999 3.52879E-1 4.0315E-1 4.4471E-1 5.27937E-1 6.31112E-1 7.56736E-1 7.49614E-1 6.22829E-1 4.67605E-1 3.60888E-1 4.24711E-1 2.17413E-1 1.67348E-1 1.73669E-1 1.86722E-1 1.92451E-1 2.34927E-1 2.35297E-1 -9999
-9999 -9999 -9999 -9999 -9999 3.42193E-1 3.75494E-1 3.99606E-1 4.67319E-1 5.14669E-1 5.35483E-1 5.45892E-1 5.15706E-1 4.3854E-1 3.68312E-1 4.26509E-1 3.4572E-1 1.54681E-1 1.30728E-1 1.27067E-1 7.94524E-2 6.02767E-2 9.13181E-2 -9999
-9999 -9999 -9999 -9999 -9999 3.12624E-1 3.42692E-1 3.42194E-1 3.88199E-1 3.6656E-1 4.04661E-1 4.19158E-1 4.85626E-1 4.65058E-1 4.39418E-1 4.37393E-1 3.23122E-1 1.45258E-1 5.7217E-2 4.47737E-2 2.59255E-2 2.64465E-2 4.50685E-2 -9999
-9999 -9999 -9999 -9999 -9999 2.62922E-1 3.06662E-1 3.07149E-1 3.30796E-1 3.60857E-1 3.78116E-1 3.77578E-1 3.78631E-1 3.6867E-1 3.33636E-1 2.84764E-1 1.79401E-1 6.29466E-2 3.45095E-2 2.38879E-2 1.18506E-2 1.27924E-2 -9999 -9999
-9999 -9999 -9999 -9999 -9999 1.65519E-1 2.42764E-1 2.60064E-1 2.5571E-1 2.81178E-1 2.84207E-1 2.99236E-1 2.68867E-1 2.43925E-1 2.08318E-1 1.49236E-1 1.2957E-1 6.16631E-2 4.33602E-2 2.82841E-2 2.09108E-2 -9999 -9999 -9999
-9999 -9999 -9999 -9999 -9999 1.19284E-1 1.94551E-1 2.68123E-1 3.26718E-1 3.89384E-1 3.26726E-1 3.17936E-1 3.10762E-1 2.74459E-1 1.90748E-1 1.09835E-1 6.63091E-2 5.60183E-2 5.1913E-2 4.30835E-2 2.51909E-2 -9999 -9999 -9999
-9999 -9999 -9999 -9999 -9999 1.98463E-1 2.15741E-1 2.8161E-1 2.96397E-1 2.80517E-1 2.47784E-1 2.05911E-1 1.96717E-1 1.4726E-1 1.00109E-1 6.49562E-2 5.03284E-2 4.08189E-2 4.03207E-2 4.97608E-2 4.68958E-2 -9999 -9999 -9999
-9999 -9999 -9999 -9999 -9999 1.72377E-1 1.75433E-1 1.79889E-1 1.87337E-1 1.62628E-1 1.13988E-1 1.00245E-1 8.85593E-2 7.52E-2 6.17442E-2 5.40068E-2 3.2485E-2 2.20469E-2 2.99144E-2 5.13541E-2 -9999 -9999 -9999 -9999
-9999 -9999 -9999 -9999 -9999 -9999 1.7195E-1 1.24285E-1 1.08601E-1 9.73184E-2 7.31572E-2 5.87567E-2 5.99524E-2 4.72255E-2 4.27891E-2 4.06307E-2 2.11572E-2 2.87874E-2 2.87872E-2 -9999 -9999 -9999 -9999 -9999
-9999 -9999 -9999 -9999 -9999 -9999 -9999 9.18604E-2 3.96177E-2 3.35306E-2 7.90566E-3 1.75331E-2 1.07738E-2 8.27377E-3 7.20318E-3 1.19558E-2 2.10699E-2 2.82972E-2 -9999 -9999 -9999 -9999 -9999 -9999
-9999 -9999 -9999 -9999 -9999 -9999 -9999 -9999 -9999 3.90295E-3 2.97772E-3 2.8108E-3 2.75906E-3 2.80523E-3 7.15466E-3 1.18324E-2 -9999 -9999 -9999 -9999 -9999 -9999 -9999 -9999
-9999 -9999 -9999 -9999 -9999 -9999 -9999 -9999 -9999 -9999 2.5432E-3 3.58965E-3 3.63127E-3 3.81529E-3 -9999 -9999 -9999 -9999 -9999 -9999 -9999 -9999 -9999 -9999
