analysis/maxent/LEH/2014_3/ert.asc
ncols         24
nrows         22
xllcorner     -163.028494180372
yllcorner     19.3009582783358
cellsize      0.25
NODATA_value  -9999
-9999 -9999 -9999 -9999 -9999 -9999 -9999 -9999 -9999 -9999 -9999 -9999 -9999 -9999 -9999 -9999 -9999 -9999 -9999 -9999 -9999 -9999 -9999 -9999
-9999 -9999 -9999 -9999 -9999 -9999 -9999 -9999 -9999 -9999 -9999 -9999 -9999 -9999 -9999 -9999 -9999 -9999 -9999 -9999 -9999 -9999 -9999 -9999
-9999 -9999 -9999 -9999 -9999 -9999 -9999 -9999 6.56075E-1 7.82567E-1 7.04541E-1 7.01641E-1 6.61352E-1 5.80587E-1 5.35983E-1 -9999 -9999 -9999 -9999 -9999 -9999 -9999 -9999 -9999
-9999 -9999 -9999 -9999 -9999 -9999 5.54173E-1 5.69607E-1 7.30042E-1 7.5766E-1 7.02243E-1 6.77996E-1 7.31929E-1 7.50533E-1 5.38538E-1 5.34686E-1 5.58491E-1 -9999 -9999 -9999 -9999 -9999 -9999 -9999
-9999 -9999 -9999 -9999 -9999 8.71156E-1 7.15127E-1 5.55791E-1 7.38572E-1 7.09443E-1 6.61691E-1 6.73799E-1 7.38589E-1 8.1991E-1 7.55076E-1 6.75682E-1 6.30784E-1 5.37625E-1 -9999 -9999 -9999 -9999 -9999 -9999
-9999 -9999 -9999 -9999 -9999 9.60218E-1 8.8088E-1 5.86713E-1 7.32667E-1 7.37036E-1 7.53753E-1 7.9099E-1 8.22029E-1 8.33667E-1 8.19111E-1 7.93455E-1 6.60284E-1 4.85645E-1 4.6164E-1 -9999 -9999 -9999 -9999 -9999
-9999 -9999 -9999 -9999 -9999 9.42916E-1 9.58707E-1 7.04579E-1 5.3883E-1 6.56068E-1 8.38797E-1 8.4032E-1 8.39274E-1 8.2107E-1 8.29438E-1 8.51218E-1 7.7084E-1 6.20902E-1 4.33176E-1 4.47734E-1 -9999 -9999 -9999 -9999
-9999 -9999 -9999 -9999 -9999 9.6788E-1 9.76123E-1 9.55116E-1 9.53298E-1 7.07516E-1 8.79773E-1 9.14748E-1 8.84546E-1 5.73197E-1 5.5924E-1 5.94292E-1 5.35091E-1 6.53992E-1 6.70384E-1 5.98354E-1 5.19078E-1 -9999 -9999 -9999
-9999 -9999 -9999 -9999 -9999 9.85451E-1 9.78074E-1 9.66199E-1 9.63667E-1 8.30713E-1 9.30038E-1 9.4445E-1 7.62309E-1 8.76851E-1 9.25255E-1 9.1278E-1 7.94736E-1 5.58013E-1 7.84155E-1 7.66397E-1 7.48701E-1 6.66698E-1 -9999 -9999
-9999 -9999 -9999 -9999 -9999 8.74661E-1 8.99689E-1 9.46091E-1 9.27559E-1 8.59192E-1 8.94531E-1 9.5406E-1 9.87693E-1 9.76088E-1 9.41499E-1 9.2474E-1 8.30431E-1 6.21571E-1 8.66799E-1 8.58146E-1 8.79662E-1 8.56674E-1 -9999 -9999
-9999 -9999 -9999 -9999 -9999 7.75356E-1 8.1651E-1 8.60864E-1 9.01576E-1 9.62632E-1 9.96872E-1 9.97203E-1 9.8458E-1 8.03937E-1 8.0012E-1 9.01027E-1 9.37543E-1 8.59715E-1 6.32222E-1 6.127E-1 7.26843E-1 8.04747E-1 6.0328E-1 -9999
-9999 -9999 -9999 -9999 -9999 5.07309E-1 6.57732E-1 8.12405E-1 9.41709E-1 9.92995E-1 9.9138E-1 9.77889E-1 8.41011E-1 5.12549E-1 6.79291E-1 9.12087E-1 9.24955E-1 8.49812E-1 8.84825E-1 8.90081E-1 9.05756E-1 9.23833E-1 8.81366E-1 -9999
-9999 -9999 -9999 -9999 -9999 1.7036E-1 2.39416E-1 3.59736E-1 7.24153E-1 8.79919E-1 9.39017E-1 9.30188E-1 9.74284E-1 9.50896E-1 9.42658E-1 9.75291E-1 9.61079E-1 9.26026E-1 9.05773E-1 8.71863E-1 8.47157E-1 8.82414E-1 9.08683E-1 -9999
-9999 -9999 -9999 -9999 -9999 2.17018E-1 3.11139E-1 4.66529E-1 7.86997E-1 9.84311E-1 9.81791E-1 9.79372E-1 9.83066E-1 9.93051E-1 9.92698E-1 9.48069E-1 8.60029E-1 9.8232E-1 9.18287E-1 8.04245E-1 8.44624E-1 8.66747E-1 -9999 -9999
-9999 -9999 -9999 -9999 -9999 4.83577E-1 6.24769E-1 7.63132E-1 8.62473E-1 8.67321E-1 8.96109E-1 8.78701E-1 8.50833E-1 8.87773E-1 9.62993E-1 8.83844E-1 9.28441E-1 9.52254E-1 8.88657E-1 7.95284E-1 7.35053E-1 -9999 -9999 -9999
-9999 -9999 -9999 -9999 -9999 7.04303E-1 8.24505E-1 9.16584E-1 9.56529E-1 9.83116E-1 9.61822E-1 9.47432E-1 9.27441E-1 8.85211E-1 8.26381E-1 8.68763E-1 8.61101E-1 8.92268E-1 9.09419E-1 9.02618E-1 7.93208E-1 -9999 -9999 -9999
-9999 -9999 -9999 -9999 -9999 9.35877E-1 9.69375E-1 9.72809E-1 9.7077E-1 9.66497E-1 9.51924E-1 9.22079E-1 8.92741E-1 8.54451E-1 8.21987E-1 8.94479E-1 9.54384E-1 9.66227E-1 8.3832E-1 7.87758E-1 9.56817E-1 -9999 -9999 -9999
-9999 -9999 -9999 -9999 -9999 9.36815E-1 9.59384E-1 9.66573E-1 9.62788E-1 9.55064E-1 9.36871E-1 8.95846E-1 8.79193E-1 8.70511E-1 8.72936E-1 9.09535E-1 9.60954E-1 9.49844E-1 8.59068E-1 7.96023E-1 -9999 -9999 -9999 -9999
-9999 -9999 -9999 -9999 -9999 -9999 9.81036E-1 9.47768E-1 9.38081E-1 9.36548E-1 9.28346E-1 8.98609E-1 8.98582E-1 9.04022E-1 9.05918E-1 9.13023E-1 9.34274E-1 9.27271E-1 8.905E-1 -9999 -9999 -9999 -9999 -9999
-9999 -9999 -9999 -9999 -9999 -9999 -9999 8.91952E-1 9.01281E-1 9.13134E-1 9.34061E-1 9.15734E-1 9.00096E-1 9.10903E-1 9.24119E-1 9.22838E-1 9.13871E-1 9.34764E-1 -9999 -9999 -9999 -9999 -9999 -9999
-9999 -9999 -9999 -9999 -9999 -9999 -9999 -9999 -9999 9.92321E-1 9.9196E-1 9.73364E-1 9.3513E-1 8.98095E-1 9.1364E-1 9.08176E-1 -9999 -9999 -9999 -9999 -9999 -9999 -9999 -9999
-9999 -9999 -9999 -9999 -9999 -9999 -9999 -9999 -9999 -9999 9.94363E-1 9.8874E-1 9.69885E-1 9.30752E-1 -9999 -9999 -9999 -9999 -9999 -9999 -9999 -9999 -9999 -9999
