analysis/maxent/LEH/projections/LEH_envonly.asc
ncols         33
nrows         25
xllcorner     198.0
yllcorner     19.0
cellsize      0.25
NODATA_value  -9999
6.39046E-1 4.84706E-1 5.62826E-1 6.55458E-1 6.42914E-1 6.19009E-1 7.11435E-1 7.26516E-1 6.96368E-1 5.89E-1 6.74918E-1 6.92173E-1 6.9107E-1 6.91087E-1 6.85345E-1 5.48015E-1 4.35884E-1 3.92354E-1 4.94114E-1 4.84086E-1 4.65346E-1 5.67171E-1 5.99527E-1 7.3569E-1 7.43218E-1 5.55132E-1 6.62754E-1 7.62302E-1 -9999 -9999 -9999 -9999 -9999
6.89321E-1 6.88863E-1 6.86355E-1 6.3201E-1 6.92537E-1 6.92263E-1 6.70705E-1 5.70856E-1 5.69841E-1 5.74048E-1 6.67538E-1 7.1524E-1 6.81135E-1 7.20685E-1 5.86797E-1 4.54959E-1 4.11029E-1 4.29933E-1 3.88632E-1 4.76433E-1 4.84095E-1 4.56635E-1 4.67868E-1 5.67211E-1 5.07837E-1 4.52516E-1 5.50885E-1 7.15278E-1 -9999 -9999 -9999 -9999 -9999
7.31278E-1 7.1096E-1 7.11206E-1 4.20601E-1 4.10027E-1 6.32712E-1 6.29355E-1 5.5358E-1 5.82769E-1 6.10782E-1 6.32548E-1 6.38662E-1 6.14559E-1 6.29707E-1 4.99444E-1 4.30203E-1 4.22133E-1 4.16608E-1 4.239E-1 4.04789E-1 3.9284E-1 4.22462E-1 4.3996E-1 4.1611E-1 4.03785E-1 4.11385E-1 4.16568E-1 4.19719E-1 -9999 -9999 -9999 -9999 -9999
4.96483E-1 4.83644E-1 4.03881E-1 5.67479E-1 3.88296E-1 5.0928E-1 5.31721E-1 5.13504E-1 5.35043E-1 5.56592E-1 4.90105E-1 4.77298E-1 4.76301E-1 5.04817E-1 4.2206E-1 4.069E-1 4.74994E-1 4.99546E-1 5.05066E-1 5.0399E-1 4.96159E-1 4.72088E-1 4.26227E-1 4.26208E-1 3.85604E-1 4.22595E-1 4.26611E-1 4.29083E-1 -9999 -9999 -9999 -9999 -9999
4.75195E-1 4.38209E-1 4.03827E-1 5.66349E-1 7.351E-1 7.95578E-1 7.22856E-1 6.53556E-1 5.79195E-1 5.48067E-1 4.96364E-1 5.86064E-1 5.00287E-1 5.19307E-1 4.54774E-1 5.25965E-1 5.77388E-1 5.75453E-1 5.68741E-1 5.7193E-1 5.50303E-1 5.29723E-1 5.10987E-1 5.40396E-1 4.90892E-1 5.20549E-1 4.45596E-1 5.32812E-1 -9999 -9999 -9999 -9999 -9999
4.60244E-1 4.54198E-1 4.63072E-1 5.68682E-1 8.17489E-1 8.38351E-1 8.26341E-1 7.94723E-1 7.65964E-1 7.31979E-1 5.54935E-1 5.83419E-1 5.77181E-1 5.5666E-1 5.12773E-1 5.14325E-1 5.76779E-1 6.07962E-1 6.09775E-1 6.3177E-1 5.78893E-1 5.87116E-1 5.71349E-1 5.66682E-1 5.18644E-1 5.23297E-1 5.09802E-1 4.83913E-1 -9999 -9999 -9999 -9999 -9999
6.8241E-1 6.83604E-1 5.63932E-1 5.19406E-1 8.15629E-1 8.23233E-1 8.23263E-1 8.0293E-1 7.87964E-1 7.75318E-1 7.76523E-1 7.2008E-1 6.37129E-1 5.74868E-1 4.88469E-1 5.12816E-1 5.38006E-1 5.71383E-1 5.7911E-1 5.64552E-1 5.71137E-1 5.90574E-1 5.86281E-1 5.76541E-1 5.72202E-1 5.70804E-1 5.69355E-1 5.38745E-1 -9999 -9999 -9999 -9999 -9999
7.82481E-1 8.12123E-1 6.90707E-1 5.0372E-1 8.00583E-1 7.97549E-1 8.02437E-1 7.96323E-1 7.98937E-1 7.92458E-1 7.93706E-1 7.89314E-1 7.44205E-1 5.15093E-1 5.22419E-1 4.89145E-1 4.79116E-1 5.23685E-1 5.48196E-1 5.53847E-1 5.56744E-1 5.72621E-1 5.87515E-1 5.96088E-1 5.96049E-1 6.24855E-1 6.21695E-1 5.81787E-1 -9999 -9999 -9999 -9999 -9999
5.75568E-1 7.59108E-1 8.42754E-1 5.67859E-1 4.94317E-1 5.57166E-1 7.82571E-1 7.99286E-1 8.14667E-1 8.1417E-1 8.12355E-1 8.06059E-1 7.92073E-1 7.03803E-1 4.9834E-1 4.48669E-1 4.20218E-1 4.56788E-1 4.93901E-1 5.16759E-1 5.30957E-1 5.48913E-1 5.66198E-1 5.78643E-1 6.74319E-1 6.69439E-1 6.76924E-1 6.27128E-1 -9999 -9999 -9999 -9999 -9999
7.82016E-1 8.22847E-1 8.53789E-1 7.906E-1 8.14688E-1 4.99883E-1 7.64442E-1 7.90734E-1 7.9415E-1 5.26242E-1 5.33221E-1 5.10422E-1 4.98726E-1 6.82201E-1 7.25209E-1 5.92185E-1 5.00135E-1 4.34231E-1 4.32378E-1 4.67923E-1 4.91741E-1 5.13389E-1 5.3177E-1 5.5846E-1 6.04761E-1 6.2366E-1 6.78289E-1 6.34729E-1 -9999 -9999 -9999 -9999 -9999
7.35608E-1 6.8126E-1 7.67666E-1 7.72539E-1 8.0219E-1 5.21013E-1 6.56923E-1 6.17568E-1 5.54353E-1 8.06686E-1 8.71577E-1 8.67128E-1 6.89268E-1 5.86144E-1 7.39985E-1 6.96553E-1 6.89484E-1 6.47617E-1 5.57378E-1 4.4384E-1 4.47652E-1 4.60027E-1 4.74819E-1 4.97124E-1 5.26356E-1 5.66819E-1 5.98899E-1 6.03049E-1 -9999 -9999 -9999 -9999 -9999
4.46078E-1 4.67719E-1 5.26156E-1 6.17033E-1 6.22745E-1 5.4228E-1 6.19895E-1 8.06389E-1 8.52079E-1 7.76272E-1 7.7957E-1 8.62184E-1 7.29527E-1 5.24178E-1 7.4821E-1 7.05727E-1 6.92272E-1 6.96831E-1 6.23524E-1 4.47652E-1 4.44192E-1 5.81584E-1 5.19878E-1 4.63367E-1 4.33827E-1 4.60674E-1 5.07592E-1 5.35336E-1 -9999 -9999 -9999 -9999 -9999
4.25023E-1 4.72603E-1 4.82332E-1 5.14164E-1 5.98307E-1 7.61566E-1 8.31259E-1 7.40629E-1 6.2552E-1 -9999 -9999 8.17581E-1 8.59632E-1 8.29545E-1 5.57515E-1 4.8492E-1 4.02241E-1 4.24118E-1 4.41267E-1 5.99692E-1 4.33593E-1 7.26469E-1 6.84171E-1 6.8829E-1 7.00962E-1 7.00113E-1 5.46552E-1 4.88775E-1 -9999 -9999 -9999 -9999 -9999
4.834E-1 4.71207E-1 4.40711E-1 4.77395E-1 6.46456E-1 7.86679E-1 7.39912E-1 5.67767E-1 6.75577E-1 5.91138E-1 6.66312E-1 8.20611E-1 8.01879E-1 7.32878E-1 7.4235E-1 7.12353E-1 7.26453E-1 7.71559E-1 7.05223E-1 5.63957E-1 5.08761E-1 5.89194E-1 5.36841E-1 5.24608E-1 5.26997E-1 5.27382E-1 6.20098E-1 7.293E-1 -9999 -9999 -9999 -9999 -9999
4.39606E-1 4.4182E-1 4.24726E-1 4.28062E-1 6.43358E-1 7.33172E-1 7.69482E-1 8.02458E-1 8.11032E-1 7.78826E-1 8.02036E-1 8.25502E-1 8.4062E-1 7.48926E-1 6.17296E-1 4.01846E-1 4.32215E-1 6.82729E-1 7.52034E-1 7.72938E-1 5.79609E-1 6.79052E-1 5.24076E-1 5.29717E-1 5.34323E-1 5.34613E-1 5.30251E-1 5.42857E-1 -9999 -9999 -9999 -9999 -9999
3.99921E-1 3.95019E-1 4.00117E-1 3.97179E-1 5.23331E-1 6.65956E-1 5.92836E-1 5.45468E-1 6.12564E-1 7.94229E-1 8.31418E-1 5.51566E-1 5.26376E-1 8.25509E-1 7.31216E-1 4.51259E-1 3.36418E-1 4.44773E-1 5.61311E-1 6.86661E-1 7.3542E-1 7.30949E-1 7.71148E-1 3.76827E-1 6.55344E-1 5.31394E-1 5.29672E-1 5.32297E-1 -9999 -9999 -9999 -9999 -9999
3.62364E-1 3.55521E-1 3.72244E-1 3.68183E-1 3.76622E-1 4.93213E-1 4.45809E-1 4.90778E-1 4.62616E-1 4.90163E-1 6.12031E-1 4.48189E-1 5.46507E-1 7.56991E-1 8.18959E-1 7.25081E-1 5.11969E-1 4.50689E-1 3.99571E-1 3.55884E-1 3.45129E-1 3.98185E-1 4.4584E-1 6.88195E-1 6.52417E-1 5.09892E-1 5.23219E-1 5.48944E-1 -9999 -9999 -9999 -9999 -9999
3.37084E-1 3.64523E-1 4.30225E-1 4.77505E-1 5.45619E-1 5.92702E-1 5.32038E-1 5.37163E-1 5.53034E-1 5.34963E-1 4.59978E-1 4.35056E-1 4.61501E-1 5.67961E-1 6.79688E-1 8.22959E-1 6.77097E-1 5.36349E-1 6.34272E-1 4.88763E-1 3.64713E-1 3.3826E-1 2.99212E-1 3.88446E-1 7.00415E-1 7.6008E-1 5.02433E-1 5.60737E-1 -9999 -9999 -9999 -9999 -9999
5.31992E-1 5.6866E-1 5.61869E-1 5.42845E-1 5.22759E-1 4.88905E-1 4.60133E-1 4.37248E-1 4.28993E-1 4.14974E-1 3.86172E-1 4.42179E-1 5.36846E-1 5.86215E-1 4.82676E-1 4.79493E-1 8.04113E-1 8.02012E-1 7.56313E-1 5.8461E-1 4.08941E-1 4.38262E-1 3.31013E-1 3.69322E-1 6.32329E-1 7.07323E-1 7.59027E-1 8.00992E-1 -9999 -9999 -9999 -9999 -9999
6.06336E-1 5.65992E-1 5.37741E-1 4.99245E-1 4.6029E-1 4.36391E-1 4.05135E-1 3.85998E-1 3.74534E-1 3.68267E-1 3.7218E-1 4.18992E-1 4.90674E-1 4.97823E-1 4.49178E-1 4.27026E-1 4.65437E-1 4.34699E-1 8.0284E-1 7.10958E-1 6.89494E-1 7.42335E-1 7.2555E-1 6.60484E-1 5.53149E-1 6.69524E-1 7.45339E-1 8.218E-1 -9999 -9999 -9999 -9999 -9999
6.19994E-1 6.16826E-1 5.55237E-1 3.50056E-1 3.50912E-1 3.69464E-1 3.82059E-1 3.65531E-1 3.47835E-1 3.54582E-1 3.47504E-1 3.61068E-1 3.98662E-1 4.27807E-1 4.56532E-1 5.20293E-1 4.99606E-1 5.60432E-1 6.68344E-1 7.33657E-1 7.78785E-1 8.50476E-1 7.78873E-1 6.31482E-1 3.68639E-1 2.95666E-1 4.7E-1 7.2959E-1 -9999 -9999 -9999 -9999 -9999
5.72258E-1 6.04872E-1 4.67792E-1 2.7863E-1 2.6299E-1 3.07868E-1 3.67482E-1 3.62226E-1 3.13251E-1 2.81001E-1 2.71819E-1 2.6899E-1 2.98161E-1 3.72197E-1 4.04728E-1 4.56906E-1 4.98217E-1 6.33105E-1 5.04156E-1 4.47734E-1 6.11588E-1 4.68816E-1 8.35132E-1 6.31854E-1 2.87781E-1 -9999 -9999 3.26389E-1 -9999 -9999 -9999 -9999 -9999
4.46215E-1 5.59394E-1 5.80817E-1 5.45249E-1 4.66831E-1 4.83238E-1 5.02519E-1 4.20195E-1 2.74849E-1 1.90365E-1 1.95815E-1 2.1269E-1 2.89226E-1 3.23341E-1 3.86288E-1 4.22024E-1 4.66974E-1 4.78415E-1 4.5259E-1 4.41387E-1 4.32157E-1 4.58822E-1 4.68923E-1 7.28583E-1 -9999 -9999 -9999 -9999 -9999 -9999 -9999 -9999 -9999
4.82524E-1 4.89807E-1 4.67253E-1 4.61196E-1 4.07641E-1 4.13816E-1 4.17809E-1 3.9178E-1 2.8459E-1 2.19035E-1 1.85037E-1 2.21774E-1 3.31775E-1 3.68657E-1 4.06532E-1 4.30247E-1 4.52947E-1 5.12392E-1 6.35339E-1 7.53301E-1 6.69587E-1 5.76196E-1 5.13237E-1 7.92987E-1 2.56283E-1 -9999 -9999 -9999 -9999 -9999 -9999 -9999 -9999
4.06888E-1 4.47542E-1 4.39465E-1 5.10229E-1 4.12186E-1 3.44825E-1 3.59816E-1 3.63151E-1 3.34024E-1 3.18779E-1 3.31591E-1 3.07362E-1 3.6769E-1 5.09831E-1 4.06877E-1 4.39959E-1 5.40716E-1 6.3578E-1 3.53074E-1 4.74115E-1 3.76154E-1 4.0298E-1 4.85714E-1 7.82826E-1 3.3599E-1 -9999 5.14819E-1 7.21481E-1 -9999 -9999 -9999 -9999 -9999
