analysis/maxent/LEH/2014_1/crw.asc
ncols         24
nrows         22
xllcorner     -163.028494180372
yllcorner     19.3009582783358
cellsize      0.25
NODATA_value  -9999
-9999 -9999 -9999 -9999 -9999 -9999 -9999 -9999 -9999 -9999 -9999 -9999 -9999 -9999 -9999 -9999 -9999 -9999 -9999 -9999 -9999 -9999 -9999 -9999
-9999 -9999 -9999 -9999 -9999 -9999 -9999 -9999 -9999 -9999 -9999 -9999 -9999 -9999 -9999 -9999 -9999 -9999 -9999 -9999 -9999 -9999 -9999 -9999
-9999 -9999 -9999 -9999 -9999 4.31398E-1 4.87251E-1 6.25586E-1 7.3358E-1 8.2922E-1 7.45904E-1 7.16654E-1 6.55149E-1 6.01786E-1 5.73936E-1 6.46274E-1 5.55073E-1 6.13408E-1 4.6948E-1 4.48333E-1 4.41132E-1 4.47055E-1 -9999 -9999
-9999 -9999 -9999 -9999 -9999 3.9614E-1 3.99669E-1 5.31564E-1 7.28367E-1 7.74685E-1 7.70856E-1 7.71224E-1 7.58143E-1 7.09131E-1 5.23913E-1 5.48619E-1 5.55876E-1 5.43158E-1 4.81274E-1 4.53385E-1 4.53576E-1 4.40849E-1 4.43056E-1 -9999
-9999 -9999 -9999 -9999 -9999 3.58815E-1 3.64266E-1 4.03107E-1 7.15679E-1 7.30906E-1 7.33599E-1 8.19178E-1 8.25934E-1 8.31142E-1 7.35888E-1 6.6713E-1 6.18193E-1 5.92829E-1 4.91723E-1 4.5178E-1 4.59542E-1 4.51334E-1 4.31086E-1 -9999
-9999 -9999 -9999 -9999 -9999 2.79531E-1 3.41176E-1 3.69065E-1 7.04937E-1 6.98739E-1 7.01084E-1 7.97517E-1 7.97585E-1 8.0179E-1 8.12961E-1 7.47647E-1 6.70043E-1 5.19988E-1 4.00043E-1 4.27916E-1 4.53371E-1 4.48996E-1 4.14432E-1 -9999
-9999 -9999 -9999 -9999 -9999 1.70247E-1 3.13642E-1 4.0541E-1 4.39166E-1 6.13615E-1 7.77694E-1 7.70451E-1 7.60055E-1 7.71291E-1 7.91813E-1 8.03097E-1 8.19007E-1 7.38502E-1 4.84251E-1 4.89314E-1 4.4264E-1 4.08212E-1 3.95077E-1 -9999
-9999 -9999 -9999 -9999 -9999 1.99629E-1 2.89033E-1 3.13801E-1 4.46629E-1 6.5593E-1 8.02216E-1 8.29432E-1 8.41058E-1 6.29188E-1 5.56022E-1 5.27681E-1 4.51872E-1 7.02024E-1 7.85674E-1 6.99679E-1 5.96861E-1 5.03038E-1 4.61764E-1 -9999
-9999 -9999 -9999 -9999 -9999 2.81477E-1 2.84504E-1 2.28256E-1 4.01017E-1 6.17867E-1 8.99979E-1 9.53048E-1 7.63681E-1 8.17974E-1 7.42594E-1 5.66631E-1 4.39264E-1 4.89513E-1 7.50776E-1 7.76533E-1 7.61805E-1 7.07402E-1 6.15969E-1 -9999
-9999 -9999 -9999 -9999 -9999 2.7528E-1 3.42032E-1 3.37153E-1 6.27606E-1 8.63206E-1 9.31883E-1 9.27003E-1 8.9567E-1 7.85059E-1 5.53063E-1 4.56091E-1 5.22744E-1 5.19956E-1 6.99788E-1 7.36648E-1 7.41178E-1 7.69878E-1 7.55693E-1 -9999
-9999 -9999 -9999 -9999 -9999 3.58169E-1 3.45662E-1 4.44597E-1 7.41509E-1 9.04725E-1 9.36329E-1 9.45782E-1 8.43588E-1 5.51801E-1 3.62365E-1 4.59778E-1 4.54473E-1 3.52484E-1 3.70183E-1 4.03404E-1 5.43016E-1 6.65604E-1 4.67348E-1 -9999
-9999 -9999 -9999 -9999 -9999 3.56808E-1 3.26074E-1 3.42398E-1 5.43469E-1 7.81657E-1 8.19329E-1 9.17647E-1 8.54111E-1 5.82707E-1 4.28811E-1 4.57524E-1 3.08707E-1 2.12022E-1 2.72244E-1 2.60397E-1 2.90194E-1 3.58034E-1 3.76814E-1 -9999
-9999 -9999 -9999 -9999 -9999 3.40857E-1 3.84994E-1 3.66569E-1 4.70178E-1 4.46474E-1 6.69961E-1 8.12123E-1 8.31716E-1 6.88701E-1 5.78878E-1 4.32678E-1 2.96117E-1 1.83935E-1 1.40744E-1 1.09441E-1 1.15348E-1 1.85723E-1 2.8077E-1 -9999
-9999 -9999 -9999 -9999 -9999 3.05361E-1 3.20069E-1 2.90558E-1 3.5605E-1 4.99686E-1 7.44386E-1 8.04198E-1 8.16482E-1 6.98718E-1 4.81323E-1 3.99955E-1 3.13874E-1 2.40396E-1 1.52393E-1 9.37506E-2 7.885E-2 9.84447E-2 1.40495E-1 -9999
-9999 -9999 -9999 -9999 -9999 2.82431E-1 3.00575E-1 2.98977E-1 2.96866E-1 3.93037E-1 5.41588E-1 5.35717E-1 4.95519E-1 4.0406E-1 3.42898E-1 3.36278E-1 6.59674E-1 3.0874E-1 2.20242E-1 1.10725E-1 7.14108E-2 7.0037E-2 7.56904E-2 -9999
-9999 -9999 -9999 -9999 -9999 2.20641E-1 2.62831E-1 3.84298E-1 4.6862E-1 5.46253E-1 4.76292E-1 4.65194E-1 4.93879E-1 5.22025E-1 3.78129E-1 3.79694E-1 3.03208E-1 3.13241E-1 3.0526E-1 1.90822E-1 9.55476E-2 7.08445E-2 8.99551E-2 -9999
-9999 -9999 -9999 -9999 -9999 4.11418E-1 4.08856E-1 4.71621E-1 4.67058E-1 4.53811E-1 4.30722E-1 4.0587E-1 3.82731E-1 3.58225E-1 3.10828E-1 2.8925E-1 2.91041E-1 2.90934E-1 2.92055E-1 2.25166E-1 2.0367E-1 1.6708E-1 1.66479E-1 -9999
-9999 -9999 -9999 -9999 -9999 3.82968E-1 3.64096E-1 3.54623E-1 3.45605E-1 3.3012E-1 3.00753E-1 3.30196E-1 3.14268E-1 3.02848E-1 2.81387E-1 2.23973E-1 2.24921E-1 2.26408E-1 2.23229E-1 2.28048E-1 2.76618E-1 2.37578E-1 2.10303E-1 -9999
-9999 -9999 -9999 -9999 -9999 4.42707E-1 3.99104E-1 3.085E-1 2.91904E-1 2.88568E-1 2.78003E-1 2.50638E-1 2.39285E-1 2.62386E-1 2.15012E-1 2.18275E-1 2.21238E-1 2.23053E-1 2.22142E-1 2.09933E-1 2.04793E-1 2.08692E-1 2.07848E-1 -9999
-9999 -9999 -9999 -9999 -9999 4.34984E-1 3.73924E-1 2.22554E-1 2.13394E-1 2.49988E-1 2.74514E-1 2.58733E-1 2.23389E-1 2.05138E-1 2.04479E-1 2.0935E-1 2.14357E-1 2.16774E-1 2.17007E-1 2.12962E-1 2.04465E-1 1.99468E-1 2.04353E-1 -9999
-9999 -9999 -9999 -9999 -9999 3.42462E-1 4.41217E-1 4.09878E-1 4.56019E-1 4.58828E-1 4.51458E-1 3.58134E-1 2.7984E-1 2.07278E-1 1.94267E-1 2.00278E-1 2.03571E-1 2.08376E-1 2.10381E-1 2.11744E-1 2.07574E-1 1.99251E-1 -9999 -9999
-9999 -9999 -9999 -9999 -9999 2.93383E-1 2.65125E-1 2.92873E-1 2.96622E-1 3.64677E-1 4.45114E-1 4.38841E-1 3.60203E-1 2.76879E-1 1.99443E-1 1.95068E-1 1.97288E-1 2.01878E-1 2.04432E-1 2.06883E-1 2.07221E-1 -9999 -9999 -9999
