analysis/maxent/LEH/2014_1/crw.asc
ncols         24
nrows         22
xllcorner     -163.028494180372
yllcorner     19.3009582783358
cellsize      0.25
NODATA_value  -9999
-9999 -9999 -9999 -9999 -9999 -9999 -9999 -9999 -9999 -9999 -9999 -9999 -9999 -9999 -9999 -9999 -9999 -9999 -9999 -9999 -9999 -9999 -9999 -9999
-9999 -9999 -9999 -9999 -9999 -9999 -9999 -9999 -9999 -9999 -9999 -9999 -9999 -9999 -9999 -9999 -9999 -9999 -9999 -9999 -9999 -9999 -9999 -9999
-9999 -9999 -9999 -9999 -9999 8.7051E-2 1.01224E-1 1.48308E-1 2.10471E-1 2.83136E-1 2.19561E-1 1.81139E-1 1.30552E-1 1.0273E-1 9.0442E-2 1.11108E-1 9.2296E-2 1.20286E-1 9.53707E-2 9.47854E-2 8.89532E-2 7.76574E-2 -9999 -9999
-9999 -9999 -9999 -9999 -9999 7.70295E-2 7.47103E-2 1.11563E-1 1.92083E-1 2.32616E-1 2.20355E-1 1.87839E-1 1.66729E-1 1.41824E-1 8.77574E-2 9.5162E-2 1.00188E-1 1.02613E-1 9.51499E-2 9.56436E-2 9.89086E-2 8.85979E-2 7.03383E-2 -9999
-9999 -9999 -9999 -9999 -9999 6.1642E-2 6.31219E-2 7.30943E-2 1.70274E-1 1.94753E-1 1.86724E-1 2.23421E-1 2.17358E-1 2.1721E-1 1.62246E-1 1.40725E-1 1.26853E-1 1.21827E-1 1.00127E-1 9.56275E-2 1.043E-1 9.69528E-2 7.70873E-2 -9999
-9999 -9999 -9999 -9999 -9999 4.44606E-2 5.77403E-2 6.70994E-2 1.68623E-1 1.8824E-1 1.87799E-1 2.26872E-1 2.36292E-1 2.40803E-1 2.43621E-1 1.97217E-1 1.5776E-1 1.07849E-1 8.0577E-2 9.04394E-2 9.91965E-2 9.52649E-2 7.95293E-2 -9999
-9999 -9999 -9999 -9999 -9999 2.87458E-2 5.49065E-2 7.96736E-2 9.10653E-2 1.54913E-1 2.50797E-1 2.5919E-1 2.69753E-1 2.73221E-1 2.70102E-1 2.69878E-1 2.54702E-1 1.9602E-1 1.04671E-1 1.03276E-1 9.72125E-2 8.85469E-2 7.83546E-2 -9999
-9999 -9999 -9999 -9999 -9999 3.75182E-2 5.48755E-2 6.22678E-2 1.08292E-1 2.20736E-1 3.42631E-1 3.93279E-1 3.45705E-1 1.95067E-1 1.56873E-1 1.37108E-1 1.09088E-1 1.87259E-1 2.24335E-1 1.86157E-1 1.52325E-1 1.20067E-1 9.85381E-2 -9999
-9999 -9999 -9999 -9999 -9999 6.29248E-2 6.20019E-2 5.00054E-2 1.02252E-1 2.04945E-1 4.28755E-1 5.34754E-1 2.9964E-1 3.47069E-1 2.5137E-1 1.50324E-1 1.03305E-1 1.15342E-1 2.5148E-1 2.49016E-1 2.33978E-1 2.16037E-1 1.63802E-1 -9999
-9999 -9999 -9999 -9999 -9999 7.32381E-2 8.96502E-2 8.89301E-2 2.34036E-1 4.83288E-1 5.85957E-1 5.61399E-1 4.88057E-1 3.38923E-1 1.60758E-1 1.14577E-1 1.41413E-1 1.31481E-1 2.49499E-1 2.60966E-1 2.93092E-1 3.12875E-1 2.61924E-1 -9999
-9999 -9999 -9999 -9999 -9999 1.04103E-1 1.05933E-1 1.65122E-1 3.84928E-1 6.11116E-1 6.44948E-1 6.79085E-1 4.71902E-1 2.24447E-1 1.13373E-1 1.31947E-1 1.2737E-1 8.46099E-2 8.61246E-2 9.7769E-2 1.50227E-1 2.01757E-1 1.30949E-1 -9999
-9999 -9999 -9999 -9999 -9999 1.25983E-1 1.17653E-1 1.39186E-1 2.62316E-1 5.10562E-1 5.34911E-1 6.84325E-1 5.59939E-1 3.01619E-1 1.88151E-1 1.53338E-1 8.97439E-2 5.44194E-2 6.847E-2 6.14678E-2 6.24559E-2 8.33979E-2 9.19537E-2 -9999
-9999 -9999 -9999 -9999 -9999 1.42419E-1 1.8442E-1 1.8028E-1 2.42886E-1 2.34957E-1 4.45425E-1 5.60726E-1 5.81835E-1 4.13098E-1 2.64048E-1 1.55354E-1 9.05628E-2 5.13599E-2 4.00783E-2 3.19546E-2 3.08408E-2 4.47771E-2 6.37002E-2 -9999
-9999 -9999 -9999 -9999 -9999 1.5313E-1 1.70175E-1 1.50091E-1 1.8633E-1 2.75865E-1 5.14102E-1 6.028E-1 6.28177E-1 4.45547E-1 2.22657E-1 1.7001E-1 1.21735E-1 8.41153E-2 5.30242E-2 3.38867E-2 2.77587E-2 2.89987E-2 3.76204E-2 -9999
-9999 -9999 -9999 -9999 -9999 1.53257E-1 1.60426E-1 1.54247E-1 1.64334E-1 2.20586E-1 3.33213E-1 3.19316E-1 2.84709E-1 2.28292E-1 1.76912E-1 1.6838E-1 3.84914E-1 1.38107E-1 8.5251E-2 4.4355E-2 2.89511E-2 2.61166E-2 2.55027E-2 -9999
-9999 -9999 -9999 -9999 -9999 1.32753E-1 1.57577E-1 2.28614E-1 2.72199E-1 3.35654E-1 2.91022E-1 2.757E-1 2.89319E-1 3.10218E-1 2.08166E-1 1.93419E-1 1.47502E-1 1.4044E-1 1.30972E-1 7.9678E-2 4.07771E-2 2.94303E-2 3.4317E-2 -9999
-9999 -9999 -9999 -9999 -9999 2.76968E-1 2.7246E-1 2.94605E-1 3.01173E-1 2.84273E-1 2.63278E-1 2.42095E-1 2.28298E-1 2.17402E-1 1.66356E-1 1.52641E-1 1.47941E-1 1.43285E-1 1.35082E-1 1.08816E-1 9.04032E-2 7.04289E-2 6.75982E-2 -9999
-9999 -9999 -9999 -9999 -9999 2.76679E-1 2.55797E-1 2.46598E-1 2.35378E-1 2.21377E-1 1.98147E-1 2.09226E-1 1.93845E-1 1.84625E-1 1.65006E-1 1.29505E-1 1.25196E-1 1.22083E-1 1.1984E-1 1.20569E-1 1.41399E-1 1.13871E-1 9.42566E-2 -9999
-9999 -9999 -9999 -9999 -9999 3.41601E-1 2.95243E-1 2.24413E-1 2.09677E-1 2.05306E-1 1.94515E-1 1.70024E-1 1.55114E-1 1.58109E-1 1.3709E-1 1.35821E-1 1.33789E-1 1.30921E-1 1.25822E-1 1.1819E-1 1.13197E-1 1.08702E-1 1.03006E-1 -9999
-9999 -9999 -9999 -9999 -9999 3.77519E-1 2.89424E-1 1.71032E-1 1.61916E-1 1.87368E-1 2.03548E-1 1.87334E-1 1.58336E-1 1.41339E-1 1.38793E-1 1.39686E-1 1.40172E-1 1.37318E-1 1.32852E-1 1.25397E-1 1.18959E-1 1.12321E-1 1.09844E-1 -9999
-9999 -9999 -9999 -9999 -9999 4.04248E-1 3.68479E-1 3.38527E-1 3.90024E-1 3.73907E-1 3.60389E-1 2.7777E-1 2.11275E-1 1.50734E-1 1.40299E-1 1.42207E-1 1.40957E-1 1.41296E-1 1.3822E-1 1.33423E-1 1.27003E-1 1.19921E-1 -9999 -9999
-9999 -9999 -9999 -9999 -9999 4.11647E-1 4.04765E-1 4.1075E-1 4.09117E-1 4.18114E-1 3.93655E-1 3.54277E-1 2.80876E-1 2.09562E-1 1.46684E-1 1.43091E-1 1.41512E-1 1.42043E-1 1.39705E-1 1.36081E-1 1.30993E-1 -9999 -9999 -9999
