analysis/maxent/LEH/2014_1/crw_clamping.asc
ncols         24
nrows         22
xllcorner     -163.028494180372
yllcorner     19.3009582783358
cellsize      0.25
NODATA_value  -9999
-9999 -9999 -9999 -9999 -9999 -9999 -9999 -9999 -9999 -9999 -9999 -9999 -9999 -9999 -9999 -9999 -9999 -9999 -9999 -9999 -9999 -9999 -9999 -9999
-9999 -9999 -9999 -9999 -9999 -9999 -9999 -9999 -9999 -9999 -9999 -9999 -9999 -9999 -9999 -9999 -9999 -9999 -9999 -9999 -9999 -9999 -9999 -9999
-9999 -9999 -9999 -9999 -9999 4.77715E-2 5.48774E-2 8.4553E-2 1.28854E-1 1.73173E-1 1.37024E-1 1.03396E-1 6.52586E-2 4.44716E-2 3.64951E-2 4.83776E-2 4.64844E-2 6.80271E-2 5.89616E-2 6.15672E-2 5.6722E-2 4.63699E-2 -9999 -9999
-9999 -9999 -9999 -9999 -9999 3.49652E-2 3.27845E-2 5.12472E-2 9.38238E-2 1.15874E-1 1.06005E-1 8.22181E-2 6.60897E-2 5.32032E-2 3.39025E-2 4.0769E-2 4.7367E-2 5.31195E-2 5.42307E-2 5.92309E-2 6.32983E-2 5.43724E-2 3.77388E-2 -9999
-9999 -9999 -9999 -9999 -9999 1.74922E-2 1.79371E-2 2.40318E-2 5.98867E-2 6.92885E-2 6.4122E-2 7.04913E-2 6.8061E-2 7.15714E-2 5.95196E-2 5.78246E-2 5.56685E-2 5.68418E-2 5.23641E-2 5.61455E-2 6.52018E-2 5.9164E-2 4.12263E-2 -9999
-9999 -9999 -9999 -9999 -9999 5.36522E-3 8.45069E-3 1.46322E-2 4.17386E-2 4.9207E-2 4.98842E-2 5.93622E-2 6.56722E-2 7.43347E-2 8.44141E-2 7.66835E-2 6.42991E-2 4.60476E-2 3.8234E-2 4.8225E-2 5.69241E-2 5.42512E-2 4.03737E-2 -9999
-9999 -9999 -9999 -9999 -9999 9.70655E-4 4.02878E-3 1.19345E-2 1.84372E-2 3.66477E-2 6.34751E-2 6.91155E-2 7.58239E-2 8.33743E-2 8.93617E-2 9.45058E-2 9.23405E-2 7.34097E-2 4.32748E-2 4.70676E-2 4.80304E-2 4.40774E-2 3.57365E-2 -9999
-9999 -9999 -9999 -9999 -9999 0E0 1.00358E-3 5.67219E-3 1.65379E-2 4.59989E-2 8.12775E-2 9.7612E-2 9.13671E-2 5.60631E-2 4.49387E-2 3.93697E-2 3.36982E-2 5.51032E-2 6.83122E-2 6.58898E-2 6.18104E-2 5.19384E-2 4.08703E-2 -9999
-9999 -9999 -9999 -9999 -9999 0E0 0E0 0E0 4.03518E-3 2.13148E-2 5.71764E-2 7.01638E-2 4.7428E-2 4.94769E-2 3.27119E-2 1.96424E-2 1.71375E-2 1.9647E-2 4.5735E-2 6.20386E-2 7.5457E-2 8.00549E-2 6.12676E-2 -9999
-9999 -9999 -9999 -9999 -9999 0E0 0E0 0E0 0E0 0E0 0E0 0E0 0E0 0E0 3.44965E-5 1.71344E-3 7.51478E-3 8.92483E-3 2.23393E-2 4.19338E-2 6.9378E-2 9.25302E-2 8.26817E-2 -9999
-9999 -9999 -9999 -9999 -9999 0E0 0E0 0E0 0E0 0E0 0E0 0E0 0E0 0E0 0E0 3.00581E-3 7.37743E-3 3.93559E-3 3.53785E-3 8.41822E-3 2.24778E-2 4.25503E-2 3.31201E-2 -9999
-9999 -9999 -9999 -9999 -9999 0E0 0E0 0E0 0E0 0E0 0E0 0E0 0E0 0E0 0E0 2.18985E-3 7.06461E-3 1.56593E-3 0E0 0E0 4.92552E-4 7.23217E-3 1.3962E-2 -9999
-9999 -9999 -9999 -9999 -9999 0E0 0E0 0E0 0E0 0E0 0E0 0E0 0E0 0E0 0E0 0E0 0E0 0E0 0E0 0E0 0E0 0E0 3.62102E-4 -9999
-9999 -9999 -9999 -9999 -9999 0E0 0E0 0E0 0E0 0E0 0E0 0E0 0E0 0E0 0E0 0E0 0E0 0E0 0E0 0E0 0E0 0E0 0E0 -9999
-9999 -9999 -9999 -9999 -9999 0E0 0E0 0E0 0E0 0E0 0E0 0E0 0E0 0E0 0E0 0E0 0E0 0E0 0E0 0E0 0E0 0E0 0E0 -9999
-9999 -9999 -9999 -9999 -9999 0E0 0E0 0E0 0E0 0E0 0E0 0E0 0E0 0E0 0E0 0E0 0E0 0E0 0E0 0E0 0E0 0E0 0E0 -9999
-9999 -9999 -9999 -9999 -9999 0E0 0E0 0E0 0E0 0E0 0E0 0E0 0E0 0E0 0E0 0E0 0E0 0E0 0E0 0E0 0E0 0E0 0E0 -9999
-9999 -9999 -9999 -9999 -9999 0E0 0E0 0E0 0E0 0E0 0E0 0E0 0E0 0E0 0E0 0E0 0E0 0E0 0E0 0E0 0E0 0E0 0E0 -9999
-9999 -9999 -9999 -9999 -9999 0E0 0E0 0E0 0E0 0E0 0E0 0E0 0E0 0E0 0E0 0E0 0E0 0E0 0E0 0E0 0E0 0E0 0E0 -9999
-9999 -9999 -9999 -9999 -9999 0E0 0E0 0E0 0E0 0E0 0E0 0E0 0E0 0E0 0E0 0E0 0E0 0E0 0E0 0E0 0E0 0E0 0E0 -9999
-9999 -9999 -9999 -9999 -9999 0E0 0E0 0E0 0E0 0E0 0E0 0E0 0E0 0E0 0E0 0E0 0E0 0E0 0E0 0E0 0E0 0E0 -9999 -9999
-9999 -9999 -9999 -9999 -9999 0E0 0E0 0E0 0E0 0E0 0E0 0E0 0E0 0E0 0E0 0E0 0E0 0E0 0E0 0E0 0E0 -9999 -9999 -9999
