analysis/maxent/LEH/2014_1/d2c.asc
ncols         24
nrows         22
xllcorner     -163.028494180372
yllcorner     19.3009582783358
cellsize      0.25
NODATA_value  -9999
-9999 -9999 -9999 -9999 -9999 4.04036E-1 4.9182E-1 4.33962E-1 4.66987E-1 7.28398E-1 6.97466E-1 5.3409E-1 4.93537E-1 4.87336E-1 5.38563E-1 5.66263E-1 4.91124E-1 5.09679E-1 4.20321E-1 3.71443E-1 3.77397E-1 3.23043E-1 3.47161E-1 3.07605E-1
-9999 -9999 -9999 -9999 -9999 3.01825E-1 3.40582E-1 4.80613E-1 3.97676E-1 6.09726E-1 6.18737E-1 5.24633E-1 4.37557E-1 4.79636E-1 4.18882E-1 4.1017E-1 4.30468E-1 4.54805E-1 3.91559E-1 3.38008E-1 2.90521E-1 2.98257E-1 2.98246E-1 2.83371E-1
-9999 -9999 -9999 -9999 -9999 2.59316E-1 3.23364E-1 4.44156E-1 5.66565E-1 6.62367E-1 6.49073E-1 5.88732E-1 4.98201E-1 4.04225E-1 3.41292E-1 3.99291E-1 3.57498E-1 4.19781E-1 3.11716E-1 2.9129E-1 2.68936E-1 2.71765E-1 2.69858E-1 2.55128E-1
-9999 -9999 -9999 -9999 -9999 2.16712E-1 2.32089E-1 4.12404E-1 6.7878E-1 7.46022E-1 7.80883E-1 8.04656E-1 7.88321E-1 7.07358E-1 4.94653E-1 4.50897E-1 3.81272E-1 3.54999E-1 3.22253E-1 3.14791E-1 2.98981E-1 2.63119E-1 2.49317E-1 2.08619E-1
-9999 -9999 -9999 -9999 -9999 1.68235E-1 2.70352E-1 4.45487E-1 8.17882E-1 8.1229E-1 8.33616E-1 8.3472E-1 8.43066E-1 8.40472E-1 8.441E-1 7.60479E-1 6.16711E-1 4.75357E-1 3.21297E-1 3.11733E-1 3.19109E-1 2.91283E-1 2.46707E-1 2.12551E-1
-9999 -9999 -9999 -9999 -9999 1.49105E-1 3.28895E-1 5.05562E-1 8.56056E-1 8.38632E-1 8.60296E-1 8.78922E-1 8.6322E-1 8.57743E-1 8.69078E-1 8.7705E-1 8.11491E-1 5.79879E-1 3.17101E-1 2.62259E-1 3.10876E-1 2.91246E-1 2.33667E-1 2.00449E-1
-9999 -9999 -9999 -9999 -9999 1.35312E-1 3.07393E-1 4.88545E-1 6.30612E-1 8.47334E-1 9.15239E-1 9.17937E-1 8.99939E-1 8.99818E-1 9.03367E-1 8.85507E-1 8.79429E-1 7.92198E-1 4.48345E-1 3.14395E-1 2.71465E-1 2.43524E-1 2.17504E-1 1.95318E-1
-9999 -9999 -9999 -9999 -9999 1.73059E-1 3.18489E-1 3.2634E-1 4.26984E-1 6.87018E-1 9.46976E-1 9.49044E-1 9.73567E-1 8.55495E-1 7.65021E-1 7.5983E-1 6.67399E-1 8.01357E-1 7.93487E-1 5.57341E-1 3.20581E-1 2.47989E-1 2.17021E-1 1.93891E-1
-9999 -9999 -9999 -9999 -9999 3.01578E-1 3.75739E-1 2.70763E-1 3.50351E-1 7.27769E-1 9.94996E-1 9.98248E-1 9.37112E-1 7.76171E-1 5.91556E-1 5.21225E-1 5.26223E-1 6.51529E-1 7.15096E-1 6.76654E-1 4.92026E-1 3.64444E-1 3.02355E-1 2.14972E-1
-9999 -9999 -9999 -9999 -9999 3.94074E-1 4.71573E-1 5.06629E-1 6.06808E-1 8.61889E-1 9.65824E-1 9.82288E-1 9.48614E-1 7.32913E-1 5.09939E-1 4.4851E-1 5.01441E-1 6.85709E-1 6.61574E-1 6.37543E-1 4.35596E-1 3.36073E-1 3.92608E-1 2.2581E-1
-9999 -9999 -9999 -9999 -9999 4.5504E-1 5.24312E-1 5.70752E-1 7.03636E-1 8.85543E-1 9.53058E-1 9.47114E-1 8.58131E-1 6.26014E-1 4.14769E-1 3.78232E-1 4.54518E-1 4.26764E-1 4.4968E-1 4.10341E-1 3.75969E-1 2.97932E-1 2.08752E-1 1.33454E-1
-9999 -9999 -9999 -9999 -9999 4.52639E-1 4.88827E-1 5.04442E-1 6.36922E-1 7.33851E-1 8.52248E-1 9.14179E-1 8.43776E-1 5.98974E-1 3.97261E-1 3.73526E-1 3.47328E-1 2.19389E-1 2.02229E-1 1.63387E-1 1.08403E-1 8.93261E-2 1.08741E-1 1.15257E-1
-9999 -9999 -9999 -9999 -9999 4.03903E-1 4.47449E-1 4.57584E-1 5.24555E-1 5.15854E-1 7.0653E-1 7.92706E-1 7.93559E-1 6.29497E-1 4.71535E-1 4.47151E-1 3.60372E-1 1.77132E-1 1.11763E-1 7.63969E-2 4.48984E-2 3.71217E-2 5.88135E-2 8.99091E-2
-9999 -9999 -9999 -9999 -9999 3.1784E-1 3.8344E-1 4.1872E-1 4.41026E-1 4.9355E-1 6.91748E-1 8.09104E-1 7.42088E-1 5.48948E-1 4.08631E-1 4.52997E-1 4.33254E-1 1.86816E-1 9.71429E-2 5.60576E-2 3.06196E-2 2.35658E-2 2.91014E-2 3.7564E-2
-9999 -9999 -9999 -9999 -9999 2.52331E-1 3.26261E-1 3.7781E-1 4.16994E-1 5.25776E-1 5.90091E-1 6.71121E-1 5.97598E-1 4.54912E-1 3.60861E-1 3.78973E-1 5.35259E-1 2.26535E-1 1.1392E-1 5.10137E-2 2.31511E-2 2.05746E-2 2.13321E-2 2.22949E-2
-9999 -9999 -9999 -9999 -9999 2.14335E-1 3.0728E-1 4.09407E-1 5.34756E-1 6.6767E-1 6.31202E-1 6.512E-1 6.54299E-1 5.96099E-1 4.8123E-1 4.41549E-1 3.14488E-1 2.32283E-1 1.51114E-1 5.9542E-2 2.14913E-2 1.93172E-2 2.202E-2 2.08895E-2
-9999 -9999 -9999 -9999 -9999 2.8346E-1 3.74842E-1 4.09939E-1 4.49632E-1 4.78992E-1 4.86148E-1 4.78232E-1 4.58649E-1 4.16742E-1 3.26487E-1 2.60285E-1 2.09383E-1 1.57365E-1 1.17124E-1 7.09342E-2 4.31475E-2 3.4287E-2 3.40238E-2 2.20942E-2
-9999 -9999 -9999 -9999 -9999 1.72146E-1 2.34573E-1 3.06195E-1 3.3258E-1 3.51438E-1 3.46677E-1 3.22268E-1 3.00315E-1 2.76043E-1 2.39175E-1 1.97518E-1 1.46699E-1 1.02206E-1 7.28097E-2 7.43773E-2 9.48912E-2 8.17862E-2 4.73403E-2 2.36996E-2
-9999 -9999 -9999 -9999 -9999 1.41153E-1 1.5335E-1 1.59809E-1 1.94698E-1 2.33263E-1 2.5048E-1 2.33759E-1 2.05331E-1 1.85587E-1 1.52366E-1 1.20468E-1 8.84916E-2 6.45494E-2 6.44731E-2 5.97803E-2 6.11227E-2 6.11385E-2 5.1996E-2 4.49079E-2
-9999 -9999 -9999 -9999 -9999 1.21719E-1 1.18691E-1 7.06072E-2 7.71665E-2 1.11293E-1 1.36269E-1 1.35128E-1 1.12668E-1 9.38482E-2 7.54555E-2 6.13802E-2 6.30093E-2 6.18169E-2 6.0877E-2 5.76275E-2 5.51468E-2 5.03543E-2 5.61317E-2 7.03594E-2
-9999 -9999 -9999 -9999 -9999 8.15864E-2 1.34966E-1 1.29093E-1 1.32517E-1 1.41263E-1 1.41927E-1 1.12988E-1 8.88255E-2 6.49707E-2 5.77124E-2 5.81607E-2 5.55843E-2 5.81143E-2 5.76635E-2 5.82574E-2 5.62287E-2 5.36057E-2 5.95388E-2 7.13289E-2
-9999 -9999 -9999 -9999 -9999 6.81213E-2 6.10878E-2 6.90046E-2 7.02731E-2 8.8282E-2 1.23174E-1 1.38706E-1 1.13467E-1 8.95611E-2 6.36064E-2 6.00025E-2 5.38022E-2 5.70126E-2 5.63208E-2 5.60768E-2 5.65098E-2 5.40797E-2 4.7831E-2 4.02314E-2
