analysis/maxent/LEH/2014_1/d2c.asc
ncols         24
nrows         22
xllcorner     -163.028494180372
yllcorner     19.3009582783358
cellsize      0.25
NODATA_value  -9999
-9999 -9999 -9999 -9999 -9999 6.12919E-2 6.71651E-2 4.56914E-2 4.21936E-2 7.52064E-2 6.98148E-2 5.36725E-2 5.43059E-2 5.10764E-2 5.154E-2 5.43955E-2 4.7066E-2 5.40401E-2 4.39724E-2 3.53605E-2 2.90096E-2 2.1113E-2 2.18028E-2 1.92544E-2
-9999 -9999 -9999 -9999 -9999 2.96425E-2 3.35951E-2 5.23856E-2 3.62475E-2 5.76569E-2 6.15748E-2 5.92806E-2 4.50426E-2 4.27658E-2 3.53868E-2 3.38152E-2 3.52596E-2 4.48726E-2 3.99973E-2 3.33463E-2 2.61314E-2 2.20325E-2 2.10286E-2 1.95769E-2
-9999 -9999 -9999 -9999 -9999 2.64874E-2 3.30206E-2 4.70204E-2 6.63557E-2 8.77258E-2 8.50647E-2 7.33562E-2 5.32191E-2 3.87025E-2 3.00415E-2 3.60306E-2 3.06078E-2 3.88104E-2 3.07587E-2 2.90826E-2 2.65856E-2 2.39427E-2 2.05167E-2 1.90935E-2
-9999 -9999 -9999 -9999 -9999 2.38181E-2 2.48142E-2 5.02984E-2 1.01255E-1 1.25489E-1 1.31016E-1 1.23296E-1 1.10895E-1 9.20295E-2 5.33125E-2 4.79968E-2 3.75074E-2 3.36319E-2 3.08571E-2 3.12829E-2 3.00066E-2 2.59278E-2 2.09319E-2 1.6716E-2
-9999 -9999 -9999 -9999 -9999 1.99949E-2 3.30118E-2 5.35502E-2 1.38618E-1 1.53849E-1 1.59505E-1 1.57741E-1 1.55339E-1 1.48973E-1 1.37227E-1 1.07347E-1 7.80074E-2 5.69559E-2 3.28352E-2 3.10522E-2 3.24183E-2 2.91015E-2 2.30963E-2 1.87454E-2
-9999 -9999 -9999 -9999 -9999 1.76536E-2 4.04539E-2 6.91317E-2 1.74033E-1 1.90384E-1 2.02279E-1 2.07343E-1 2.03945E-1 1.99133E-1 1.92891E-1 1.79825E-1 1.35391E-1 7.51733E-2 3.86883E-2 2.77404E-2 3.14353E-2 2.90826E-2 2.40219E-2 1.91704E-2
-9999 -9999 -9999 -9999 -9999 1.61593E-2 4.22212E-2 7.68004E-2 1.07805E-1 1.92428E-1 2.79602E-1 2.8908E-1 2.83255E-1 2.7304E-1 2.56624E-1 2.31338E-1 2.00406E-1 1.39826E-1 5.83399E-2 4.12044E-2 3.08436E-2 2.79478E-2 2.42741E-2 2.03486E-2
-9999 -9999 -9999 -9999 -9999 2.481E-2 4.9855E-2 4.91023E-2 7.08881E-2 1.51829E-1 3.89032E-1 4.22824E-1 4.17173E-1 2.21185E-1 1.64153E-1 1.52509E-1 1.17526E-1 1.59808E-1 1.47841E-1 8.7353E-2 4.31342E-2 3.10936E-2 2.64434E-2 2.24121E-2
-9999 -9999 -9999 -9999 -9999 5.70318E-2 7.14173E-2 4.51926E-2 6.16678E-2 2.21683E-1 6.46723E-1 7.13061E-1 4.1244E-1 2.41598E-1 1.23132E-1 9.31517E-2 9.08518E-2 1.1662E-1 1.54992E-1 1.25071E-1 8.4555E-2 5.37367E-2 4.178E-2 2.70297E-2
-9999 -9999 -9999 -9999 -9999 9.27804E-2 1.12363E-1 1.2755E-1 1.98441E-1 3.94637E-1 5.81227E-1 6.46831E-1 5.16623E-1 2.38455E-1 1.24796E-1 8.47726E-2 9.51082E-2 1.4074E-1 1.63547E-1 1.34952E-1 9.42599E-2 6.24126E-2 6.26925E-2 3.14622E-2
-9999 -9999 -9999 -9999 -9999 1.21865E-1 1.48716E-1 1.82716E-1 3.24834E-1 5.38516E-1 6.74236E-1 6.4982E-1 4.71318E-1 2.00835E-1 9.42474E-2 8.11353E-2 9.4347E-2 8.27034E-2 8.34224E-2 6.94404E-2 6.76685E-2 5.07228E-2 3.32336E-2 2.05572E-2
-9999 -9999 -9999 -9999 -9999 1.41306E-1 1.64093E-1 1.97485E-1 3.44192E-1 4.32401E-1 5.73113E-1 6.71651E-1 5.26288E-1 2.64712E-1 1.27912E-1 9.6146E-2 7.3213E-2 4.07537E-2 3.58788E-2 2.67654E-2 1.83258E-2 1.56072E-2 1.88656E-2 1.93552E-2
-9999 -9999 -9999 -9999 -9999 1.50371E-1 1.8146E-1 2.11194E-1 2.97575E-1 2.91853E-1 4.59306E-1 5.40255E-1 5.33136E-1 3.28024E-1 1.80898E-1 1.28554E-1 8.78422E-2 3.90937E-2 2.43353E-2 1.50665E-2 9.40988E-3 7.39924E-3 1.02687E-2 1.62518E-2
-9999 -9999 -9999 -9999 -9999 1.46751E-1 1.8491E-1 2.09457E-1 2.32133E-1 3.00584E-1 4.75678E-1 5.89818E-1 5.18269E-1 3.13919E-1 1.75347E-1 1.59762E-1 1.44976E-1 5.7258E-2 2.92645E-2 1.48201E-2 8.03782E-3 5.8325E-3 6.51195E-3 7.70333E-3
-9999 -9999 -9999 -9999 -9999 1.31278E-1 1.71255E-1 2.00644E-1 2.27786E-1 2.92707E-1 3.77307E-1 4.47064E-1 3.78502E-1 2.50969E-1 1.73328E-1 1.71214E-1 2.48955E-1 9.04669E-2 3.9536E-2 1.85192E-2 7.90129E-3 6.0089E-3 5.57484E-3 5.33268E-3
-9999 -9999 -9999 -9999 -9999 1.18209E-1 1.7473E-1 2.41249E-1 3.23052E-1 4.24081E-1 3.88961E-1 3.98672E-1 3.90672E-1 3.36723E-1 2.51656E-1 2.19274E-1 1.45174E-1 1.01837E-1 6.38159E-2 2.59994E-2 8.71943E-3 6.63662E-3 7.46307E-3 6.61729E-3
-9999 -9999 -9999 -9999 -9999 1.79808E-1 2.29396E-1 2.60049E-1 2.91181E-1 3.08211E-1 3.06992E-1 2.94082E-1 2.73241E-1 2.39179E-1 1.7956E-1 1.39486E-1 1.06167E-1 7.67424E-2 6.10135E-2 3.57153E-2 2.00519E-2 1.40093E-2 1.35457E-2 8.69215E-3
-9999 -9999 -9999 -9999 -9999 1.27893E-1 1.60078E-1 1.98418E-1 2.21509E-1 2.35044E-1 2.28375E-1 2.06537E-1 1.86453E-1 1.67346E-1 1.41017E-1 1.13016E-1 8.35423E-2 6.11034E-2 4.22746E-2 3.98904E-2 4.6465E-2 3.70939E-2 2.17958E-2 1.04106E-2
-9999 -9999 -9999 -9999 -9999 1.05438E-1 1.17663E-1 1.23291E-1 1.43005E-1 1.63052E-1 1.69031E-1 1.53659E-1 1.32975E-1 1.18379E-1 1.00167E-1 8.1187E-2 6.17834E-2 4.1578E-2 3.98602E-2 3.5723E-2 3.467E-2 3.22962E-2 2.66219E-2 2.15987E-2
-9999 -9999 -9999 -9999 -9999 1.09166E-1 9.4835E-2 5.81087E-2 6.57629E-2 9.45664E-2 1.10989E-1 1.06369E-1 8.77833E-2 7.36302E-2 5.89438E-2 4.56493E-2 4.55289E-2 4.32284E-2 4.12412E-2 3.73487E-2 3.42553E-2 2.97103E-2 3.10579E-2 3.44849E-2
-9999 -9999 -9999 -9999 -9999 1.08151E-1 1.18505E-1 1.14898E-1 1.23293E-1 1.22367E-1 1.18989E-1 9.3826E-2 7.11035E-2 4.99937E-2 4.48544E-2 4.5951E-2 4.33029E-2 4.39716E-2 4.23059E-2 4.08896E-2 3.77869E-2 3.40719E-2 3.50373E-2 3.64825E-2
-9999 -9999 -9999 -9999 -9999 1.13207E-1 1.1218E-1 1.14844E-1 1.1466E-1 1.16471E-1 1.1987E-1 1.17582E-1 9.30241E-2 6.93365E-2 4.87728E-2 4.74495E-2 4.33233E-2 4.49206E-2 4.32017E-2 4.13379E-2 3.95551E-2 3.5954E-2 2.95149E-2 2.14659E-2
