analysis/maxent/LEH/2014_1/d2c_clamping.asc
ncols         24
nrows         22
xllcorner     -163.028494180372
yllcorner     19.3009582783358
cellsize      0.25
NODATA_value  -9999
-9999 -9999 -9999 -9999 -9999 5.96687E-2 6.47352E-2 4.37933E-2 3.9954E-2 7.03442E-2 6.47898E-2 4.97095E-2 5.00648E-2 4.6801E-2 4.75475E-2 5.10263E-2 4.50148E-2 5.25024E-2 4.32065E-2 3.49569E-2 2.87841E-2 2.10071E-2 2.17399E-2 1.92263E-2
-9999 -9999 -9999 -9999 -9999 2.77815E-2 3.05714E-2 4.66695E-2 3.13613E-2 4.81422E-2 5.0159E-2 4.79606E-2 3.44735E-2 3.19189E-2 2.70895E-2 2.77264E-2 3.10809E-2 4.16915E-2 3.83628E-2 3.25314E-2 2.57166E-2 2.18112E-2 2.09059E-2 1.95173E-2
-9999 -9999 -9999 -9999 -9999 2.26229E-2 2.56604E-2 3.32274E-2 4.38814E-2 5.49229E-2 5.33007E-2 4.11955E-2 2.59404E-2 1.62539E-2 1.22576E-2 2.02593E-2 2.19541E-2 3.22691E-2 2.78203E-2 2.75507E-2 2.57537E-2 2.34896E-2 2.02842E-2 1.89743E-2
-9999 -9999 -9999 -9999 -9999 1.53883E-2 1.09598E-2 2.24078E-2 4.85005E-2 6.16843E-2 6.18641E-2 5.25141E-2 4.26146E-2 3.33677E-2 1.97797E-2 1.98455E-2 1.72026E-2 2.08749E-2 2.42643E-2 2.77885E-2 2.82455E-2 2.50471E-2 2.0497E-2 1.65111E-2
-9999 -9999 -9999 -9999 -9999 5.43006E-3 8.95562E-3 1.67913E-2 4.68273E-2 5.28118E-2 5.25528E-2 4.85313E-2 4.7347E-2 4.78934E-2 4.82491E-2 4.24239E-2 3.30914E-2 2.58105E-2 1.83184E-2 2.41541E-2 2.88811E-2 2.73618E-2 2.22647E-2 1.83357E-2
-9999 -9999 -9999 -9999 -9999 2.00868E-3 5.59662E-3 1.4209E-2 4.06271E-2 4.70569E-2 5.05255E-2 5.18426E-2 5.45198E-2 5.9397E-2 6.48305E-2 6.69048E-2 5.28866E-2 3.08515E-2 1.76907E-2 1.57395E-2 2.48248E-2 2.59043E-2 2.25416E-2 1.84878E-2
-9999 -9999 -9999 -9999 -9999 5.06112E-4 2.91078E-3 1.08358E-2 2.04422E-2 4.22781E-2 6.59795E-2 7.1876E-2 7.49351E-2 7.90229E-2 8.10774E-2 7.82379E-2 7.05788E-2 5.08001E-2 2.3267E-2 1.82056E-2 1.87083E-2 2.24479E-2 2.17834E-2 1.92578E-2
-9999 -9999 -9999 -9999 -9999 0E0 8.51928E-4 4.19666E-3 1.03092E-2 3.08675E-2 8.47748E-2 9.73463E-2 9.97744E-2 5.94666E-2 4.43706E-2 4.11858E-2 3.42719E-2 4.50581E-2 4.40694E-2 3.04355E-2 1.72382E-2 2.13489E-2 2.23761E-2 2.07017E-2
-9999 -9999 -9999 -9999 -9999 0E0 0E0 0E0 2.30742E-3 2.14454E-2 6.44202E-2 6.93993E-2 5.68394E-2 3.45561E-2 1.61036E-2 1.17389E-2 1.42514E-2 1.8712E-2 2.79756E-2 3.12044E-2 2.74406E-2 2.96285E-2 3.29586E-2 2.42814E-2
-9999 -9999 -9999 -9999 -9999 0E0 0E0 0E0 0E0 0E0 0E0 0E0 0E0 0E0 2.53771E-5 1.20052E-3 4.85112E-3 8.93276E-3 1.45008E-2 2.1863E-2 2.31864E-2 2.53224E-2 4.56237E-2 2.74651E-2
-9999 -9999 -9999 -9999 -9999 0E0 0E0 0E0 0E0 0E0 0E0 0E0 0E0 0E0 0E0 1.76195E-3 5.1979E-3 3.60321E-3 3.21861E-3 5.69426E-3 9.91285E-3 1.26064E-2 2.2218E-2 1.74771E-2
-9999 -9999 -9999 -9999 -9999 0E0 0E0 0E0 0E0 0E0 0E0 0E0 0E0 0E0 0E0 1.31482E-3 5.41257E-3 1.09196E-3 0E0 0E0 1.37071E-4 1.79599E-3 1.17105E-2 1.61277E-2
-9999 -9999 -9999 -9999 -9999 0E0 0E0 0E0 0E0 0E0 0E0 0E0 0E0 0E0 0E0 0E0 0E0 0E0 0E0 0E0 0E0 7.89633E-4 6.05972E-3 1.33807E-2
-9999 -9999 -9999 -9999 -9999 0E0 0E0 0E0 0E0 0E0 0E0 0E0 0E0 0E0 0E0 0E0 0E0 0E0 0E0 0E0 0E0 1.41771E-3 4.2224E-3 6.49308E-3
-9999 -9999 -9999 -9999 -9999 0E0 0E0 0E0 0E0 0E0 0E0 0E0 0E0 0E0 0E0 0E0 0E0 0E0 0E0 0E0 0E0 2.46843E-3 4.03276E-3 4.66718E-3
-9999 -9999 -9999 -9999 -9999 0E0 0E0 0E0 0E0 0E0 0E0 0E0 0E0 0E0 0E0 0E0 0E0 0E0 0E0 0E0 1.30419E-3 3.83231E-3 5.96134E-3 6.00823E-3
-9999 -9999 -9999 -9999 -9999 0E0 0E0 0E0 0E0 0E0 0E0 0E0 0E0 0E0 0E0 0E0 0E0 0E0 0E0 0E0 8.88289E-3 1.00745E-2 1.17067E-2 8.14542E-3
-9999 -9999 -9999 -9999 -9999 0E0 0E0 0E0 0E0 0E0 0E0 0E0 0E0 0E0 0E0 0E0 0E0 0E0 0E0 1.4828E-2 3.0614E-2 3.06123E-2 1.99388E-2 9.99548E-3
-9999 -9999 -9999 -9999 -9999 2.09096E-2 0E0 0E0 0E0 0E0 0E0 0E0 0E0 0E0 0E0 0E0 0E0 1.25286E-3 1.58392E-2 2.31863E-2 2.79809E-2 2.90467E-2 2.52917E-2 2.10871E-2
-9999 -9999 -9999 -9999 -9999 6.39062E-2 3.52064E-2 6.31289E-3 0E0 0E0 0E0 0E0 0E0 0E0 0E0 0E0 1.21436E-2 2.1867E-2 2.83869E-2 3.04624E-2 3.073E-2 2.80934E-2 3.02062E-2 3.4031E-2
-9999 -9999 -9999 -9999 -9999 8.64185E-2 8.25116E-2 6.58565E-2 5.41224E-2 3.86732E-2 2.67531E-2 1.73725E-2 1.45461E-2 1.40237E-2 1.77215E-2 2.41658E-2 2.83084E-2 3.35532E-2 3.58826E-2 3.71519E-2 3.58295E-2 3.31264E-2 3.45423E-2 3.62334E-2
-9999 -9999 -9999 -9999 -9999 1.02749E-1 9.67772E-2 9.28475E-2 8.60798E-2 8.12274E-2 7.88199E-2 7.52453E-2 6.05512E-2 4.75228E-2 3.58767E-2 3.75212E-2 3.66262E-2 4.01052E-2 4.01902E-2 3.95746E-2 3.85831E-2 3.54745E-2 2.93128E-2 2.13943E-2
