analysis/maxent/LEH/2014_1/d2c_clamping.asc
ncols         24
nrows         22
xllcorner     -163.028494180372
yllcorner     19.3009582783358
cellsize      0.25
NODATA_value  -9999
-9999 -9999 -9999 -9999 -9999 3.4008E-1 3.72797E-1 2.82748E-1 2.29153E-1 1.96181E-1 1.60613E-1 1.82184E-1 2.28904E-1 2.78487E-1 3.43962E-1 3.88943E-1 3.65316E-1 3.98585E-1 3.51683E-1 3.32783E-1 3.55044E-1 3.12753E-1 3.40189E-1 3.03988E-1
-9999 -9999 -9999 -9999 -9999 2.25085E-1 2.16075E-1 2.06391E-1 8.32314E-2 9.96221E-4 2.71389E-2 3.19411E-2 1.08632E-1 1.68295E-1 1.82263E-1 2.15667E-1 2.6551E-1 2.99608E-1 2.84303E-1 2.74225E-1 2.59723E-1 2.81139E-1 2.88137E-1 2.77752E-1
-9999 -9999 -9999 -9999 -9999 1.51344E-1 1.35189E-1 8.95513E-2 3.37496E-2 1.02637E-1 8.68923E-2 2.25044E-2 0E0 0E0 6.51364E-3 6.72206E-2 1.21891E-1 2.01395E-1 1.84575E-1 2.02937E-1 2.18596E-1 2.4387E-1 2.54794E-1 2.46949E-1
-9999 -9999 -9999 -9999 -9999 6.40353E-2 5.32044E-3 0E0 0E0 0E0 0E0 0E0 0E0 0E0 0E0 0E0 0E0 6.01142E-2 1.28187E-1 1.68659E-1 2.04185E-1 2.16852E-1 2.27222E-1 1.98361E-1
-9999 -9999 -9999 -9999 -9999 0E0 0E0 0E0 0E0 0E0 0E0 0E0 0E0 0E0 0E0 0E0 0E0 0E0 2.28442E-2 1.03564E-1 1.66538E-1 2.11176E-1 2.13197E-1 1.96718E-1
-9999 -9999 -9999 -9999 -9999 0E0 0E0 0E0 0E0 0E0 0E0 0E0 0E0 0E0 0E0 0E0 0E0 0E0 0E0 1.99229E-2 1.21154E-1 1.86201E-1 1.87713E-1 1.79104E-1
-9999 -9999 -9999 -9999 -9999 0E0 0E0 0E0 0E0 0E0 0E0 0E0 0E0 0E0 0E0 0E0 0E0 0E0 0E0 0E0 4.99088E-2 1.2622E-1 1.58905E-1 1.6699E-1
-9999 -9999 -9999 -9999 -9999 0E0 0E0 0E0 0E0 0E0 0E0 0E0 0E0 0E0 0E0 0E0 0E0 0E0 0E0 0E0 0E0 9.10424E-2 1.40809E-1 1.57618E-1
-9999 -9999 -9999 -9999 -9999 0E0 0E0 0E0 0E0 0E0 0E0 0E0 0E0 0E0 0E0 0E0 0E0 0E0 0E0 0E0 0E0 7.53444E-2 1.67922E-1 1.65562E-1
-9999 -9999 -9999 -9999 -9999 0E0 0E0 0E0 0E0 0E0 0E0 0E0 0E0 0E0 0E0 0E0 0E0 0E0 0E0 0E0 0E0 3.25582E-2 1.85866E-1 1.66209E-1
-9999 -9999 -9999 -9999 -9999 0E0 0E0 0E0 0E0 0E0 0E0 0E0 0E0 0E0 0E0 0E0 0E0 0E0 0E0 0E0 0E0 9.5667E-3 9.78279E-2 9.72044E-2
-9999 -9999 -9999 -9999 -9999 0E0 0E0 0E0 0E0 0E0 0E0 0E0 0E0 0E0 0E0 0E0 0E0 0E0 0E0 0E0 0E0 2.44431E-3 5.21999E-2 8.40285E-2
-9999 -9999 -9999 -9999 -9999 0E0 0E0 0E0 0E0 0E0 0E0 0E0 0E0 0E0 0E0 0E0 0E0 0E0 0E0 0E0 0E0 3.33319E-3 3.04983E-2 6.72348E-2
-9999 -9999 -9999 -9999 -9999 0E0 0E0 0E0 0E0 0E0 0E0 0E0 0E0 0E0 0E0 0E0 0E0 0E0 0E0 0E0 0E0 4.94729E-3 1.69601E-2 2.94195E-2
-9999 -9999 -9999 -9999 -9999 0E0 0E0 0E0 0E0 0E0 0E0 0E0 0E0 0E0 0E0 0E0 0E0 0E0 0E0 0E0 0E0 7.43907E-3 1.40818E-2 1.83443E-2
-9999 -9999 -9999 -9999 -9999 0E0 0E0 0E0 0E0 0E0 0E0 0E0 0E0 0E0 0E0 0E0 0E0 0E0 0E0 0E0 2.76625E-3 9.9956E-3 1.62724E-2 1.80176E-2
-9999 -9999 -9999 -9999 -9999 0E0 0E0 0E0 0E0 0E0 0E0 0E0 0E0 0E0 0E0 0E0 0E0 0E0 0E0 0E0 1.67836E-2 2.24348E-2 2.75516E-2 1.98624E-2
-9999 -9999 -9999 -9999 -9999 0E0 0E0 0E0 0E0 0E0 0E0 0E0 0E0 0E0 0E0 0E0 0E0 0E0 0E0 2.39855E-2 5.59078E-2 6.23378E-2 4.11216E-2 2.20303E-2
-9999 -9999 -9999 -9999 -9999 2.36918E-2 0E0 0E0 0E0 0E0 0E0 0E0 0E0 0E0 0E0 0E0 0E0 1.61386E-3 2.24456E-2 3.49242E-2 4.55281E-2 5.19158E-2 4.75338E-2 4.27784E-2
-9999 -9999 -9999 -9999 -9999 6.34615E-2 3.82843E-2 6.54434E-3 0E0 0E0 0E0 0E0 0E0 0E0 0E0 0E0 1.46176E-2 2.78229E-2 3.80799E-2 4.35882E-2 4.67526E-2 4.57469E-2 5.31275E-2 6.82103E-2
-9999 -9999 -9999 -9999 -9999 6.04345E-2 8.51336E-2 6.60731E-2 5.13317E-2 3.88126E-2 2.74412E-2 1.79572E-2 1.56202E-2 1.57733E-2 1.99678E-2 2.7216E-2 3.2888E-2 4.08209E-2 4.57638E-2 5.02743E-2 5.13192E-2 5.07321E-2 5.76345E-2 7.0004E-2
-9999 -9999 -9999 -9999 -9999 5.88572E-2 4.96722E-2 5.20469E-2 4.87902E-2 5.6366E-2 7.32674E-2 7.97542E-2 6.64264E-2 5.54321E-2 4.26485E-2 4.3757E-2 4.24866E-2 4.81244E-2 5.01269E-2 5.19118E-2 5.37837E-2 5.2448E-2 4.69612E-2 3.98052E-2
