analysis/maxent/LEH/2014_1/envonly.asc
ncols         24
nrows         22
xllcorner     -163.028494180372
yllcorner     19.3009582783358
cellsize      0.25
NODATA_value  -9999
-9999 -9999 -9999 -9999 -9999 6.5212E-1 6.82618E-1 4.36348E-1 4.45063E-1 6.95055E-1 6.60449E-1 5.1195E-1 5.33619E-1 5.76818E-1 6.49393E-1 6.84085E-1 5.87958E-1 6.05063E-1 4.8805E-1 4.32683E-1 4.60441E-1 4.68431E-1 4.8466E-1 5.09759E-1
-9999 -9999 -9999 -9999 -9999 3.86369E-1 4.00812E-1 5.00023E-1 4.20605E-1 5.67826E-1 5.88519E-1 5.37115E-1 5.12931E-1 6.26496E-1 6.00896E-1 5.73677E-1 5.32113E-1 5.38162E-1 4.41339E-1 3.97584E-1 4.06872E-1 4.50889E-1 4.68928E-1 5.04004E-1
-9999 -9999 -9999 -9999 -9999 4.40424E-1 4.04675E-1 4.99003E-1 5.97404E-1 6.9374E-1 6.09149E-1 5.90275E-1 5.72106E-1 5.66689E-1 5.52262E-1 6.10712E-1 4.82286E-1 4.95828E-1 3.86173E-1 4.3412E-1 4.58068E-1 4.53132E-1 4.89403E-1 5.26661E-1
-9999 -9999 -9999 -9999 -9999 4.50715E-1 4.15047E-1 4.68566E-1 6.35755E-1 6.76937E-1 6.82386E-1 7.11295E-1 7.32597E-1 6.9775E-1 5.11657E-1 5.13404E-1 4.94431E-1 4.55916E-1 3.92929E-1 3.96283E-1 4.50924E-1 4.80354E-1 5.19788E-1 6.42285E-1
-9999 -9999 -9999 -9999 -9999 6.56834E-1 5.32919E-1 4.31453E-1 7.02402E-1 7.18602E-1 7.27283E-1 7.40944E-1 7.461E-1 7.43725E-1 7.14796E-1 6.30264E-1 5.6683E-1 5.26179E-1 4.13248E-1 3.99561E-1 4.31224E-1 4.60125E-1 4.82437E-1 5.45657E-1
-9999 -9999 -9999 -9999 -9999 8.28828E-1 6.83446E-1 4.42308E-1 7.35227E-1 7.33314E-1 7.34637E-1 7.38037E-1 7.36253E-1 7.28263E-1 7.16047E-1 7.04563E-1 6.27408E-1 4.74097E-1 4.25545E-1 4.30289E-1 4.13732E-1 4.39987E-1 4.63818E-1 5.35947E-1
-9999 -9999 -9999 -9999 -9999 7.44904E-1 8.33574E-1 5.14479E-1 4.26055E-1 5.62237E-1 7.10728E-1 7.08963E-1 7.08107E-1 7.03082E-1 6.96236E-1 6.923E-1 6.92067E-1 6.10175E-1 3.91977E-1 3.80995E-1 3.84617E-1 4.07762E-1 4.43541E-1 5.04389E-1
-9999 -9999 -9999 -9999 -9999 7.82256E-1 8.34601E-1 8.02605E-1 8.05073E-1 4.57857E-1 6.85382E-1 6.82289E-1 6.83154E-1 4.27182E-1 3.98501E-1 4.28381E-1 4.05397E-1 6.12596E-1 6.8961E-1 5.74152E-1 4.57401E-1 3.89766E-1 4.00549E-1 4.52168E-1
-9999 -9999 -9999 -9999 -9999 7.74779E-1 7.56631E-1 7.56031E-1 7.66527E-1 5.14856E-1 6.62204E-1 6.5842E-1 4.02197E-1 6.08645E-1 7.84198E-1 7.80486E-1 6.15537E-1 4.7157E-1 7.26814E-1 7.05524E-1 6.50168E-1 5.79535E-1 4.84883E-1 4.09381E-1
-9999 -9999 -9999 -9999 -9999 4.83341E-1 5.00224E-1 6.06292E-1 6.23236E-1 5.01143E-1 4.83292E-1 5.59213E-1 7.58402E-1 7.9162E-1 7.81138E-1 8.17778E-1 6.70695E-1 5.21818E-1 7.34811E-1 7.14563E-1 6.91246E-1 6.72343E-1 6.57696E-1 4.28671E-1
-9999 -9999 -9999 -9999 -9999 4.28615E-1 4.22406E-1 4.49161E-1 5.3795E-1 6.6884E-1 8.61602E-1 7.799E-1 6.92995E-1 4.18658E-1 4.15938E-1 7.52787E-1 7.88237E-1 6.66357E-1 4.30842E-1 4.20608E-1 5.15039E-1 5.97591E-1 4.17451E-1 5.70783E-1
-9999 -9999 -9999 -9999 -9999 4.31783E-1 4.24497E-1 4.88347E-1 6.55684E-1 8.57314E-1 7.93898E-1 5.50218E-1 6.03607E-1 4.82673E-1 5.11425E-1 7.35767E-1 7.51618E-1 7.1884E-1 7.71998E-1 7.8158E-1 7.87787E-1 7.78841E-1 6.4779E-1 6.11829E-1
-9999 -9999 -9999 -9999 -9999 4.44375E-1 4.47065E-1 4.84537E-1 7.06957E-1 8.08356E-1 7.9649E-1 7.81027E-1 8.10373E-1 7.68848E-1 7.48123E-1 7.74483E-1 7.73678E-1 7.13961E-1 6.54112E-1 5.05246E-1 5.10443E-1 7.23643E-1 7.79437E-1 7.35002E-1
-9999 -9999 -9999 -9999 -9999 4.54581E-1 4.67333E-1 4.80433E-1 6.45932E-1 8.66884E-1 8.17983E-1 7.1881E-1 7.34598E-1 8.2874E-1 8.05304E-1 5.69691E-1 4.45814E-1 8.12032E-1 7.3722E-1 4.72244E-1 3.52959E-1 5.0052E-1 6.49249E-1 7.26292E-1
-9999 -9999 -9999 -9999 -9999 4.44814E-1 4.64553E-1 4.68125E-1 5.04359E-1 4.78708E-1 4.68454E-1 4.91644E-1 4.99441E-1 5.67487E-1 6.57297E-1 4.89263E-1 6.43211E-1 7.8281E-1 8.28551E-1 7.27944E-1 4.84961E-1 4.43979E-1 4.12045E-1 4.04043E-1
-9999 -9999 -9999 -9999 -9999 4.35296E-1 4.8266E-1 5.54317E-1 6.46066E-1 7.13327E-1 6.05368E-1 6.0169E-1 6.2419E-1 6.18317E-1 5.38768E-1 5.44934E-1 5.0394E-1 6.18678E-1 7.75435E-1 8.45591E-1 6.83164E-1 4.7958E-1 6.27067E-1 5.20132E-1
-9999 -9999 -9999 -9999 -9999 6.71261E-1 6.71301E-1 6.55262E-1 6.53217E-1 6.1329E-1 5.64557E-1 5.28978E-1 5.13038E-1 5.0381E-1 4.70541E-1 5.19922E-1 6.09338E-1 6.94652E-1 5.62613E-1 5.3119E-1 8.36653E-1 7.97604E-1 8.01397E-1 6.88569E-1
-9999 -9999 -9999 -9999 -9999 6.33621E-1 6.17772E-1 6.14263E-1 5.97658E-1 5.59045E-1 5.07664E-1 4.65182E-1 4.51363E-1 4.48579E-1 4.56639E-1 5.08997E-1 5.86664E-1 5.99043E-1 5.14931E-1 4.52078E-1 4.80751E-1 4.30035E-1 8.12578E-1 7.39012E-1
-9999 -9999 -9999 -9999 -9999 6.98734E-1 6.65167E-1 5.47991E-1 5.0757E-1 4.94741E-1 4.78303E-1 4.53017E-1 4.29295E-1 4.42683E-1 4.60329E-1 4.7934E-1 5.12946E-1 5.20367E-1 5.34753E-1 5.45773E-1 4.97323E-1 5.22073E-1 6.87961E-1 8.22576E-1
-9999 -9999 -9999 -9999 -9999 7.06618E-1 6.31901E-1 4.26363E-1 4.03625E-1 4.40845E-1 4.73076E-1 4.58286E-1 4.26214E-1 4.37238E-1 4.70713E-1 4.87227E-1 4.77865E-1 5.13847E-1 5.3779E-1 5.90615E-1 5.88408E-1 6.61101E-1 5.73267E-1 4.40911E-1
-9999 -9999 -9999 -9999 -9999 6.57174E-1 6.93361E-1 6.49337E-1 6.86331E-1 6.8996E-1 6.96982E-1 5.91921E-1 4.97884E-1 4.24043E-1 4.56085E-1 4.64275E-1 5.28304E-1 5.15926E-1 5.3909E-1 5.48552E-1 5.77741E-1 5.84532E-1 4.87792E-1 4.18255E-1
-9999 -9999 -9999 -9999 -9999 6.01609E-1 5.73128E-1 5.92777E-1 5.95739E-1 6.53679E-1 6.91423E-1 6.89481E-1 6.08553E-1 5.00515E-1 4.10842E-1 4.38163E-1 5.16411E-1 4.92089E-1 5.2362E-1 5.4987E-1 5.59035E-1 5.66685E-1 6.6647E-1 7.90999E-1
