analysis/maxent/LEH/2014_1/envonly.asc
ncols         24
nrows         22
xllcorner     -163.028494180372
yllcorner     19.3009582783358
cellsize      0.25
NODATA_value  -9999
-9999 -9999 -9999 -9999 -9999 4.28239E-1 4.7894E-1 3.28305E-1 3.08335E-1 5.50036E-1 5.13102E-1 3.93051E-1 3.53926E-1 2.75019E-1 2.4725E-1 2.5894E-1 2.29815E-1 2.92123E-1 2.46664E-1 1.74121E-1 1.09882E-1 8.23695E-2 7.00477E-2 7.91829E-2
-9999 -9999 -9999 -9999 -9999 1.8538E-1 1.9596E-1 3.60527E-1 3.10847E-1 4.23874E-1 4.53469E-1 4.35362E-1 2.41171E-1 1.76352E-1 1.27672E-1 1.21492E-1 1.40822E-1 2.28385E-1 2.2751E-1 1.97872E-1 1.52729E-1 1.05579E-1 8.65633E-2 8.79244E-2
-9999 -9999 -9999 -9999 -9999 2.23504E-1 1.73836E-1 2.823E-1 4.70824E-1 6.26764E-1 5.02549E-1 3.35744E-1 1.85786E-1 1.20407E-1 1.00009E-1 1.30264E-1 1.14982E-1 1.84385E-1 1.78886E-1 2.57305E-1 2.49661E-1 1.72045E-1 1.12585E-1 9.82203E-2
-9999 -9999 -9999 -9999 -9999 1.67468E-1 1.28744E-1 1.68434E-1 3.3378E-1 4.07892E-1 3.66299E-1 2.80174E-1 2.16244E-1 1.74588E-1 9.94877E-2 1.12851E-1 1.30789E-1 1.48505E-1 1.62738E-1 2.24135E-1 2.97893E-1 2.69488E-1 1.66076E-1 1.43565E-1
-9999 -9999 -9999 -9999 -9999 1.81662E-1 1.19925E-1 9.18161E-2 2.39893E-1 2.69503E-1 2.4857E-1 2.27422E-1 2.20595E-1 2.22506E-1 2.07131E-1 1.91876E-1 1.77391E-1 1.77545E-1 1.61582E-1 2.27219E-1 3.08705E-1 2.96873E-1 1.91023E-1 1.11296E-1
-9999 -9999 -9999 -9999 -9999 2.0756E-1 1.61123E-1 8.38751E-2 2.18331E-1 2.37022E-1 2.35449E-1 2.30536E-1 2.35937E-1 2.51438E-1 2.76133E-1 2.98821E-1 2.37875E-1 1.56187E-1 1.72861E-1 2.317E-1 2.59045E-1 2.6589E-1 1.9557E-1 1.20971E-1
-9999 -9999 -9999 -9999 -9999 1.7106E-1 2.26068E-1 1.13257E-1 9.17745E-2 1.624E-1 2.85923E-1 2.9312E-1 3.01388E-1 3.13718E-1 3.27817E-1 3.37419E-1 3.30435E-1 2.45388E-1 1.41043E-1 1.65384E-1 1.87784E-1 2.02887E-1 1.71435E-1 1.28356E-1
-9999 -9999 -9999 -9999 -9999 2.11283E-1 2.43383E-1 2.53323E-1 2.99947E-1 1.56854E-1 3.5322E-1 3.67625E-1 3.52382E-1 1.51517E-1 1.29649E-1 1.28208E-1 1.25521E-1 2.18806E-1 2.71898E-1 2.35849E-1 2.03584E-1 1.6804E-1 1.54194E-1 1.27228E-1
-9999 -9999 -9999 -9999 -9999 2.50789E-1 2.36225E-1 2.30003E-1 2.50964E-1 1.6642E-1 2.74896E-1 2.70465E-1 1.21357E-1 2.23167E-1 2.72928E-1 2.50316E-1 1.89629E-1 1.05284E-1 2.4875E-1 2.89693E-1 3.12509E-1 3.02469E-1 2.17143E-1 1.21036E-1
-9999 -9999 -9999 -9999 -9999 1.39083E-1 1.44793E-1 2.01634E-1 2.08775E-1 1.36667E-1 1.24739E-1 1.55711E-1 2.46785E-1 2.51979E-1 2.37074E-1 2.54945E-1 1.97994E-1 1.16459E-1 2.38854E-1 2.74952E-1 3.40369E-1 3.96593E-1 3.56426E-1 1.39291E-1
-9999 -9999 -9999 -9999 -9999 1.34983E-1 1.3315E-1 1.46729E-1 1.95356E-1 2.88667E-1 4.23716E-1 3.39418E-1 2.79652E-1 1.95321E-1 1.76607E-1 2.71245E-1 3.24704E-1 2.33517E-1 1.0065E-1 1.02041E-1 1.67837E-1 2.58936E-1 1.5929E-1 2.46383E-1
-9999 -9999 -9999 -9999 -9999 1.72463E-1 1.63706E-1 2.07058E-1 3.42447E-1 4.55018E-1 3.54469E-1 2.74091E-1 3.20733E-1 2.80932E-1 2.69708E-1 3.59184E-1 4.1671E-1 3.21962E-1 2.92896E-1 2.78013E-1 2.79522E-1 3.2493E-1 2.96125E-1 2.61536E-1
-9999 -9999 -9999 -9999 -9999 2.09309E-1 2.09566E-1 2.4934E-1 4.23185E-1 4.21159E-1 3.81143E-1 3.80267E-1 4.79012E-1 4.19344E-1 4.16479E-1 4.58723E-1 4.39162E-1 3.44081E-1 2.90956E-1 2.55875E-1 2.43407E-1 2.69895E-1 3.04563E-1 2.80718E-1
-9999 -9999 -9999 -9999 -9999 2.6107E-1 2.59604E-1 2.63209E-1 3.93764E-1 5.50311E-1 4.73793E-1 3.99122E-1 4.6548E-1 5.47955E-1 5.10947E-1 3.27467E-1 1.95906E-1 4.57893E-1 3.89466E-1 3.06207E-1 2.65291E-1 2.75612E-1 2.78517E-1 2.84083E-1
-9999 -9999 -9999 -9999 -9999 2.81524E-1 2.77266E-1 2.72097E-1 2.88582E-1 2.45636E-1 2.26657E-1 2.25279E-1 2.46473E-1 3.4076E-1 4.55284E-1 2.69976E-1 3.64965E-1 4.67136E-1 4.54144E-1 3.91198E-1 3.42428E-1 3.11362E-1 2.87151E-1 2.66752E-1
-9999 -9999 -9999 -9999 -9999 3.07141E-1 3.39553E-1 3.91459E-1 4.48223E-1 5.20532E-1 3.88332E-1 3.67428E-1 3.76851E-1 3.71968E-1 3.02079E-1 2.99594E-1 2.49837E-1 3.22414E-1 4.51961E-1 5.38548E-1 4.32662E-1 3.67481E-1 3.76056E-1 3.37827E-1
-9999 -9999 -9999 -9999 -9999 6.07126E-1 5.8837E-1 5.49195E-1 5.11506E-1 4.65406E-1 4.1676E-1 3.67763E-1 3.40609E-1 3.18332E-1 2.82253E-1 3.22117E-1 3.99495E-1 4.76847E-1 3.2865E-1 3.11714E-1 6.14412E-1 5.52058E-1 5.3226E-1 4.31706E-1
-9999 -9999 -9999 -9999 -9999 6.33954E-1 5.65482E-1 5.32106E-1 4.94622E-1 4.52244E-1 3.9661E-1 3.36044E-1 3.14613E-1 3.06927E-1 3.13709E-1 3.56797E-1 4.2533E-1 4.18155E-1 3.22479E-1 2.75361E-1 3.03226E-1 2.49938E-1 5.95001E-1 5.00328E-1
-9999 -9999 -9999 -9999 -9999 7.54728E-1 6.36629E-1 4.82328E-1 4.37662E-1 4.2099E-1 3.96028E-1 3.46734E-1 3.28836E-1 3.37126E-1 3.46907E-1 3.61735E-1 3.87021E-1 3.80083E-1 3.66511E-1 3.9072E-1 3.55084E-1 3.79595E-1 5.36421E-1 6.26959E-1
-9999 -9999 -9999 -9999 -9999 7.77129E-1 6.1928E-1 3.76184E-1 3.62511E-1 3.84539E-1 4.20532E-1 3.8776E-1 3.47036E-1 3.58953E-1 3.86138E-1 4.02589E-1 3.88383E-1 4.14273E-1 4.19764E-1 4.47484E-1 4.59216E-1 5.50051E-1 4.49441E-1 2.93224E-1
-9999 -9999 -9999 -9999 -9999 7.77052E-1 7.37691E-1 6.78153E-1 7.37228E-1 7.23887E-1 7.0724E-1 5.7326E-1 4.53117E-1 3.65294E-1 4.00803E-1 4.02624E-1 4.73597E-1 4.52357E-1 4.62674E-1 4.43319E-1 4.53451E-1 4.80431E-1 3.88843E-1 3.348E-1
-9999 -9999 -9999 -9999 -9999 7.86723E-1 7.82897E-1 7.78933E-1 7.74429E-1 7.63492E-1 7.43656E-1 7.04998E-1 5.96126E-1 4.83892E-1 3.92583E-1 3.86785E-1 4.75148E-1 4.34717E-1 4.58719E-1 4.68738E-1 4.51069E-1 4.69809E-1 6.10457E-1 7.4154E-1
