analysis/maxent/LEH/2014_1/envonly_clamping.asc
ncols         24
nrows         22
xllcorner     -163.028494180372
yllcorner     19.3009582783358
cellsize      0.25
NODATA_value  -9999
-9999 -9999 -9999 -9999 -9999 3.73246E-1 4.24461E-1 3.05595E-1 2.8638E-1 5.02361E-1 4.71174E-1 3.66385E-1 3.26651E-1 2.46367E-1 2.16611E-1 2.26689E-1 2.05289E-1 2.65134E-1 2.27948E-1 1.59819E-1 9.77595E-2 7.00245E-2 5.77981E-2 6.55139E-2
-9999 -9999 -9999 -9999 -9999 1.61134E-1 1.72343E-1 3.25914E-1 2.8419E-1 3.84023E-1 4.11643E-1 4.00029E-1 2.11246E-1 1.44215E-1 9.94648E-2 9.65449E-2 1.18796E-1 2.02317E-1 2.07959E-1 1.82043E-1 1.37207E-1 9.11969E-2 7.19479E-2 7.1689E-2
-9999 -9999 -9999 -9999 -9999 1.86667E-1 1.45216E-1 2.41305E-1 4.14948E-1 5.48563E-1 4.46931E-1 2.86917E-1 1.48678E-1 8.84466E-2 7.01527E-2 9.60712E-2 9.25902E-2 1.57781E-1 1.5952E-1 2.33476E-1 2.24659E-1 1.50702E-1 9.35009E-2 7.7019E-2
-9999 -9999 -9999 -9999 -9999 1.25335E-1 9.47555E-2 1.27854E-1 2.61029E-1 3.21702E-1 2.83856E-1 2.05748E-1 1.4945E-1 1.16283E-1 6.7696E-2 8.23001E-2 1.01375E-1 1.21237E-1 1.39634E-1 1.99435E-1 2.67896E-1 2.37788E-1 1.37449E-1 1.05274E-1
-9999 -9999 -9999 -9999 -9999 9.52647E-2 6.40735E-2 5.54663E-2 1.51474E-1 1.71653E-1 1.54608E-1 1.34986E-1 1.30145E-1 1.36347E-1 1.35592E-1 1.35686E-1 1.30983E-1 1.36192E-1 1.32446E-1 1.96904E-1 2.74884E-1 2.60877E-1 1.5755E-1 7.8466E-2
-9999 -9999 -9999 -9999 -9999 5.00213E-2 4.77024E-2 3.64551E-2 1.0495E-1 1.19351E-1 1.20166E-1 1.18167E-1 1.27179E-1 1.46713E-1 1.7482E-1 2.0186E-1 1.66535E-1 1.13186E-1 1.33075E-1 1.90302E-1 2.21281E-1 2.2593E-1 1.56446E-1 8.29543E-2
-9999 -9999 -9999 -9999 -9999 1.21866E-2 3.37172E-2 3.52412E-2 3.76827E-2 7.61511E-2 1.41378E-1 1.5143E-1 1.62725E-1 1.80306E-1 1.99492E-1 2.13753E-1 2.14124E-1 1.63222E-1 1.00209E-1 1.24766E-1 1.48356E-1 1.60475E-1 1.28658E-1 8.64312E-2
-9999 -9999 -9999 -9999 -9999 0E0 9.16226E-3 4.59851E-2 8.84282E-2 6.80171E-2 1.68239E-1 1.85447E-1 1.83783E-1 8.45241E-2 7.16172E-2 7.05316E-2 7.25007E-2 1.21813E-1 1.55159E-1 1.50465E-1 1.42826E-1 1.2292E-1 1.09401E-1 8.25295E-2
-9999 -9999 -9999 -9999 -9999 0E0 0E0 0E0 2.05997E-2 3.84269E-2 8.68076E-2 9.16704E-2 4.38021E-2 7.24864E-2 7.54633E-2 6.67325E-2 6.33353E-2 3.73955E-2 9.41379E-2 1.41074E-1 1.84933E-1 1.98192E-1 1.43898E-1 7.44947E-2
-9999 -9999 -9999 -9999 -9999 0E0 0E0 0E0 0E0 0E0 0E0 0E0 0E0 0E0 1.12328E-4 8.04698E-3 2.29229E-2 1.77331E-2 4.74544E-2 9.26126E-2 1.58844E-1 2.19735E-1 2.06704E-1 7.82198E-2
-9999 -9999 -9999 -9999 -9999 0E0 0E0 0E0 0E0 0E0 0E0 0E0 0E0 0E0 0E0 1.29767E-2 3.75062E-2 2.25785E-2 9.2905E-3 1.9278E-2 5.26369E-2 1.08507E-1 7.83133E-2 1.1158E-1
-9999 -9999 -9999 -9999 -9999 0E0 0E0 0E0 0E0 0E0 0E0 0E0 0E0 0E0 0E0 1.02459E-2 5.96816E-2 1.79833E-2 0E0 0E0 4.46012E-3 5.44287E-2 8.64246E-2 8.14014E-2
-9999 -9999 -9999 -9999 -9999 0E0 0E0 0E0 0E0 0E0 0E0 0E0 0E0 0E0 0E0 0E0 0E0 0E0 0E0 0E0 0E0 0E0 3.44364E-3 2.20189E-2
-9999 -9999 -9999 -9999 -9999 0E0 0E0 0E0 0E0 0E0 0E0 0E0 0E0 0E0 0E0 0E0 0E0 0E0 0E0 0E0 0E0 0E0 0E0 0E0
-9999 -9999 -9999 -9999 -9999 0E0 0E0 0E0 0E0 0E0 0E0 0E0 0E0 0E0 0E0 0E0 0E0 0E0 0E0 0E0 0E0 0E0 0E0 0E0
-9999 -9999 -9999 -9999 -9999 0E0 0E0 0E0 0E0 0E0 0E0 0E0 0E0 0E0 0E0 0E0 0E0 0E0 0E0 0E0 0E0 0E0 0E0 0E0
-9999 -9999 -9999 -9999 -9999 0E0 0E0 0E0 0E0 0E0 0E0 0E0 0E0 0E0 0E0 0E0 0E0 0E0 0E0 0E0 0E0 0E0 0E0 0E0
-9999 -9999 -9999 -9999 -9999 0E0 0E0 0E0 0E0 0E0 0E0 0E0 0E0 0E0 0E0 0E0 0E0 0E0 0E0 0E0 0E0 0E0 0E0 0E0
-9999 -9999 -9999 -9999 -9999 0E0 0E0 0E0 0E0 0E0 0E0 0E0 0E0 0E0 0E0 0E0 0E0 0E0 0E0 0E0 0E0 0E0 0E0 0E0
-9999 -9999 -9999 -9999 -9999 0E0 0E0 0E0 0E0 0E0 0E0 0E0 0E0 0E0 0E0 0E0 0E0 0E0 0E0 0E0 0E0 0E0 0E0 0E0
-9999 -9999 -9999 -9999 -9999 0E0 0E0 0E0 0E0 0E0 0E0 0E0 0E0 0E0 0E0 0E0 0E0 0E0 0E0 0E0 0E0 0E0 0E0 0E0
-9999 -9999 -9999 -9999 -9999 0E0 0E0 0E0 0E0 0E0 0E0 0E0 0E0 0E0 0E0 0E0 0E0 0E0 0E0 0E0 0E0 0E0 0E0 0E0
