analysis/maxent/LEH/2014_1/ert.asc
ncols         24
nrows         22
xllcorner     -163.028494180372
yllcorner     19.3009582783358
cellsize      0.25
NODATA_value  -9999
-9999 -9999 -9999 -9999 -9999 -9999 -9999 -9999 -9999 -9999 -9999 -9999 -9999 -9999 -9999 -9999 -9999 -9999 -9999 -9999 -9999 -9999 -9999 -9999
-9999 -9999 -9999 -9999 -9999 -9999 -9999 -9999 -9999 -9999 -9999 -9999 -9999 -9999 -9999 -9999 -9999 -9999 -9999 -9999 -9999 -9999 -9999 -9999
-9999 -9999 -9999 -9999 -9999 -9999 -9999 -9999 3.63961E-1 2.90913E-1 2.28556E-1 1.55246E-1 1.49787E-1 2.00938E-1 2.19661E-1 -9999 -9999 -9999 -9999 -9999 -9999 -9999 -9999 -9999
-9999 -9999 -9999 -9999 -9999 -9999 1.90614E-1 3.57591E-1 5.37782E-1 5.4147E-1 5.50204E-1 5.89253E-1 5.83595E-1 5.40803E-1 3.92502E-1 4.05669E-1 4.00896E-1 -9999 -9999 -9999 -9999 -9999 -9999 -9999
-9999 -9999 -9999 -9999 -9999 1.10957E-1 2.32927E-1 5.27617E-1 8.08288E-1 7.61859E-1 7.72251E-1 7.72901E-1 7.93144E-1 8.02983E-1 8.25341E-1 7.78355E-1 6.64913E-1 2.71936E-1 -9999 -9999 -9999 -9999 -9999 -9999
-9999 -9999 -9999 -9999 -9999 1.59051E-1 4.4807E-1 5.18169E-1 8.36079E-1 7.74944E-1 7.8201E-1 8.01115E-1 7.75074E-1 7.74197E-1 8.07208E-1 8.41652E-1 7.84312E-1 5.33074E-1 1.48412E-1 -9999 -9999 -9999 -9999 -9999
-9999 -9999 -9999 -9999 -9999 2.15914E-1 4.38334E-1 5.04552E-1 6.00279E-1 7.98211E-1 8.46451E-1 8.37644E-1 8.04812E-1 8.13557E-1 8.33896E-1 8.06971E-1 8.17228E-1 7.44686E-1 2.57573E-1 6.68494E-2 -9999 -9999 -9999 -9999
-9999 -9999 -9999 -9999 -9999 3.06088E-1 4.39054E-1 4.68443E-1 5.78465E-1 6.9074E-1 8.9814E-1 8.81663E-1 9.39792E-1 8.06354E-1 7.14056E-1 6.73844E-1 5.78656E-1 7.27301E-1 6.77832E-1 1.67892E-1 5.31804E-2 -9999 -9999 -9999
-9999 -9999 -9999 -9999 -9999 4.04563E-1 4.62953E-1 4.29142E-1 5.43518E-1 7.39252E-1 9.71744E-1 9.76138E-1 8.36345E-1 7.90224E-1 7.07988E-1 6.15568E-1 5.41455E-1 5.78472E-1 6.56227E-1 5.01959E-1 2.3958E-1 1.23041E-1 -9999 -9999
-9999 -9999 -9999 -9999 -9999 4.18499E-1 4.85881E-1 5.73348E-1 6.8533E-1 8.03281E-1 9.00898E-1 9.309E-1 9.23406E-1 8.09615E-1 6.74521E-1 6.14414E-1 5.52155E-1 6.22534E-1 5.93963E-1 6.01421E-1 2.30167E-1 1.87439E-1 -9999 -9999
-9999 -9999 -9999 -9999 -9999 4.60281E-1 5.27986E-1 6.12886E-1 7.44503E-1 8.83218E-1 9.63615E-1 9.70874E-1 9.12297E-1 6.86525E-1 4.67931E-1 5.41649E-1 5.3824E-1 4.63058E-1 4.17178E-1 3.9735E-1 1.5699E-1 1.35127E-1 1.04656E-1 -9999
-9999 -9999 -9999 -9999 -9999 4.57196E-1 5.07376E-1 5.87142E-1 7.17025E-1 8.25336E-1 8.78525E-1 8.7146E-1 8.39035E-1 6.70939E-1 4.65367E-1 5.22242E-1 4.69915E-1 3.37924E-1 3.26586E-1 2.99666E-1 1.1198E-1 5.88281E-2 6.39051E-2 -9999
-9999 -9999 -9999 -9999 -9999 4.03697E-1 4.54705E-1 5.05114E-1 6.27235E-1 6.48771E-1 7.60123E-1 8.09078E-1 8.39849E-1 7.19647E-1 6.01005E-1 5.71408E-1 4.75029E-1 3.00019E-1 2.12528E-1 1.59085E-1 6.51859E-2 6.61579E-2 6.64137E-2 -9999
-9999 -9999 -9999 -9999 -9999 3.35223E-1 3.93701E-1 4.39538E-1 5.45267E-1 6.67493E-1 7.61784E-1 8.09626E-1 7.90632E-1 7.10555E-1 5.89216E-1 5.05182E-1 4.25573E-1 3.15796E-1 1.97045E-1 1.25307E-1 4.61425E-2 4.02151E-2 -9999 -9999
-9999 -9999 -9999 -9999 -9999 2.84979E-1 3.39071E-1 3.90782E-1 4.50338E-1 5.63149E-1 6.1595E-1 6.61359E-1 6.2207E-1 5.66231E-1 4.86753E-1 4.19226E-1 5.4157E-1 3.11989E-1 2.20941E-1 5.41666E-2 1.51843E-2 -9999 -9999 -9999
-9999 -9999 -9999 -9999 -9999 2.57898E-1 3.29869E-1 4.24884E-1 5.43967E-1 6.65499E-1 6.15098E-1 6.25234E-1 6.36406E-1 6.00932E-1 4.99317E-1 4.4864E-1 3.25145E-1 2.82803E-1 1.84427E-1 3.9269E-2 1.88532E-2 -9999 -9999 -9999
-9999 -9999 -9999 -9999 -9999 2.44091E-1 4.26306E-1 4.48634E-1 4.72645E-1 4.78607E-1 4.62203E-1 4.44565E-1 4.30647E-1 4.07825E-1 3.49207E-1 3.01793E-1 2.69621E-1 2.01686E-1 5.53727E-2 4.34993E-2 4.21803E-2 -9999 -9999 -9999
-9999 -9999 -9999 -9999 -9999 1.06623E-1 2.99972E-1 3.73444E-1 3.79374E-1 3.6876E-1 3.43729E-1 3.12239E-1 2.96204E-1 2.88997E-1 2.69386E-1 2.58693E-1 2.38186E-1 8.77998E-2 2.90799E-2 4.46564E-2 -9999 -9999 -9999 -9999
-9999 -9999 -9999 -9999 -9999 -9999 2.40689E-1 2.36114E-1 2.65731E-1 2.77872E-1 2.77862E-1 2.57695E-1 2.35722E-1 2.22491E-1 2.11929E-1 1.9681E-1 1.43009E-1 8.13832E-2 2.79639E-2 -9999 -9999 -9999 -9999 -9999
-9999 -9999 -9999 -9999 -9999 -9999 -9999 1.73207E-1 7.78231E-2 3.93095E-2 4.33176E-2 4.01427E-2 3.62075E-2 3.46839E-2 4.18839E-2 7.70952E-2 1.38089E-1 7.81101E-2 -9999 -9999 -9999 -9999 -9999 -9999
-9999 -9999 -9999 -9999 -9999 -9999 -9999 -9999 -9999 3.73163E-2 3.61574E-2 2.05063E-2 2.16161E-2 1.68544E-2 4.03936E-2 7.47651E-2 -9999 -9999 -9999 -9999 -9999 -9999 -9999 -9999
-9999 -9999 -9999 -9999 -9999 -9999 -9999 -9999 -9999 -9999 3.01431E-2 2.55078E-2 2.77365E-2 2.25852E-2 -9999 -9999 -9999 -9999 -9999 -9999 -9999 -9999 -9999 -9999
