analysis/maxent/LEH/2014_1/ert.asc
ncols         24
nrows         22
xllcorner     -163.028494180372
yllcorner     19.3009582783358
cellsize      0.25
NODATA_value  -9999
-9999 -9999 -9999 -9999 -9999 -9999 -9999 -9999 -9999 -9999 -9999 -9999 -9999 -9999 -9999 -9999 -9999 -9999 -9999 -9999 -9999 -9999 -9999 -9999
-9999 -9999 -9999 -9999 -9999 -9999 -9999 -9999 -9999 -9999 -9999 -9999 -9999 -9999 -9999 -9999 -9999 -9999 -9999 -9999 -9999 -9999 -9999 -9999
-9999 -9999 -9999 -9999 -9999 -9999 -9999 -9999 4.69994E-1 6.16996E-1 5.0167E-1 2.83022E-1 1.28702E-1 7.88919E-2 6.76931E-2 -9999 -9999 -9999 -9999 -9999 -9999 -9999 -9999 -9999
-9999 -9999 -9999 -9999 -9999 -9999 1.01926E-1 1.25022E-1 2.48303E-1 3.22654E-1 2.7023E-1 1.76448E-1 1.25064E-1 1.0445E-1 6.70551E-2 7.44548E-2 9.11527E-2 -9999 -9999 -9999 -9999 -9999 -9999 -9999
-9999 -9999 -9999 -9999 -9999 1.19481E-1 8.22269E-2 6.30125E-2 1.40563E-1 1.67917E-1 1.50074E-1 1.34327E-1 1.29154E-1 1.29875E-1 1.19584E-1 1.21224E-1 1.21568E-1 1.24751E-1 -9999 -9999 -9999 -9999 -9999 -9999
-9999 -9999 -9999 -9999 -9999 1.28692E-1 1.08664E-1 6.05243E-2 1.19148E-1 1.39117E-1 1.39888E-1 1.36494E-1 1.4366E-1 1.58175E-1 1.78456E-1 1.96508E-1 1.61671E-1 1.13309E-1 1.39212E-1 -9999 -9999 -9999 -9999 -9999
-9999 -9999 -9999 -9999 -9999 9.36432E-2 1.41414E-1 8.05302E-2 6.55124E-2 1.03226E-1 1.85258E-1 1.96123E-1 2.09661E-1 2.21516E-1 2.32083E-1 2.46769E-1 2.23159E-1 1.65182E-1 1.14496E-1 1.42525E-1 -9999 -9999 -9999 -9999
-9999 -9999 -9999 -9999 -9999 1.13658E-1 1.43193E-1 1.47572E-1 1.91756E-1 1.21596E-1 2.58232E-1 2.81608E-1 2.50799E-1 1.19845E-1 1.06976E-1 9.68922E-2 9.71952E-2 1.41747E-1 1.70436E-1 1.63416E-1 1.59945E-1 -9999 -9999 -9999
-9999 -9999 -9999 -9999 -9999 1.52225E-1 1.39763E-1 1.18627E-1 1.40923E-1 1.23701E-1 1.83747E-1 1.81442E-1 9.78855E-2 1.56401E-1 1.70767E-1 1.46916E-1 1.18903E-1 6.95562E-2 1.54774E-1 1.83266E-1 2.17518E-1 2.30131E-1 -9999 -9999
-9999 -9999 -9999 -9999 -9999 9.98389E-2 9.91943E-2 1.36518E-1 1.53117E-1 1.10587E-1 1.00974E-1 1.1978E-1 1.71698E-1 1.44637E-1 1.14043E-1 1.31741E-1 1.14295E-1 7.29254E-2 1.51384E-1 1.79105E-1 2.50005E-1 3.09898E-1 2.59217E-1 -9999
-9999 -9999 -9999 -9999 -9999 1.00071E-1 1.01832E-1 1.23941E-1 1.90402E-1 3.09354E-1 4.50705E-1 3.54371E-1 2.50612E-1 7.219E-2 6.07327E-2 1.1683E-1 1.76812E-1 1.38074E-1 7.14056E-2 7.51426E-2 1.18816E-1 1.8468E-1 1.30181E-1 -9999
-9999 -9999 -9999 -9999 -9999 1.4419E-1 1.49017E-1 2.24183E-1 4.1962E-1 5.30748E-1 4.12652E-1 3.2824E-1 3.42311E-1 1.73359E-1 1.17384E-1 1.76639E-1 2.37102E-1 1.69842E-1 1.71236E-1 1.67349E-1 1.70567E-1 2.21725E-1 2.14654E-1 1.88314E-1
-9999 -9999 -9999 -9999 -9999 1.98986E-1 2.26701E-1 3.2285E-1 5.06537E-1 4.80165E-1 4.35885E-1 4.46608E-1 5.47378E-1 3.44906E-1 2.5687E-1 2.88855E-1 2.73554E-1 1.98645E-1 1.80247E-1 1.67436E-1 1.66664E-1 1.76931E-1 1.93263E-1 1.89347E-1
-9999 -9999 -9999 -9999 -9999 3.09111E-1 3.16646E-1 3.43583E-1 4.85793E-1 6.26839E-1 5.48258E-1 4.72381E-1 5.27713E-1 5.54157E-1 4.42694E-1 2.75792E-1 1.78482E-1 3.94702E-1 3.56519E-1 2.48708E-1 2.49168E-1 2.28999E-1 1.94689E-1 -9999
-9999 -9999 -9999 -9999 -9999 3.41844E-1 3.44846E-1 3.57817E-1 3.87464E-1 3.43991E-1 2.96517E-1 2.76628E-1 3.16974E-1 3.91613E-1 5.2248E-1 3.4989E-1 4.22937E-1 5.50779E-1 4.96987E-1 3.97813E-1 2.99926E-1 3.04324E-1 -9999 -9999
-9999 -9999 -9999 -9999 -9999 3.56449E-1 3.90344E-1 4.51672E-1 5.08287E-1 5.65409E-1 4.31879E-1 3.91957E-1 3.94992E-1 3.88254E-1 3.30197E-1 3.62822E-1 3.54755E-1 4.17178E-1 5.28681E-1 5.74705E-1 3.86917E-1 2.73651E-1 -9999 -9999
-9999 -9999 -9999 -9999 -9999 5.88227E-1 5.95046E-1 5.82381E-1 5.60706E-1 5.09197E-1 4.59919E-1 4.18893E-1 3.87574E-1 3.50562E-1 3.17611E-1 3.73688E-1 4.98178E-1 5.76137E-1 4.24069E-1 3.93025E-1 6.22052E-1 5.03575E-1 -9999 -9999
-9999 -9999 -9999 -9999 -9999 6.4111E-1 5.93016E-1 5.73945E-1 5.48077E-1 5.04178E-1 4.52969E-1 3.98796E-1 3.80279E-1 3.69087E-1 3.66834E-1 3.99079E-1 5.01681E-1 5.15781E-1 4.16733E-1 3.50715E-1 3.46964E-1 -9999 -9999 -9999
-9999 -9999 -9999 -9999 -9999 -9999 6.55333E-1 5.40348E-1 5.06476E-1 4.91613E-1 4.67083E-1 4.21563E-1 4.16763E-1 4.21601E-1 4.21622E-1 4.23657E-1 4.61383E-1 4.84086E-1 4.62651E-1 4.60542E-1 -9999 -9999 -9999 -9999
-9999 -9999 -9999 -9999 -9999 -9999 -9999 4.5937E-1 4.60903E-1 4.66736E-1 4.95093E-1 4.65467E-1 4.36554E-1 4.50556E-1 4.69823E-1 4.73776E-1 4.61546E-1 5.20951E-1 5.17888E-1 -9999 -9999 -9999 -9999 -9999
-9999 -9999 -9999 -9999 -9999 -9999 -9999 -9999 7.57886E-1 7.35925E-1 7.20888E-1 6.16931E-1 5.17586E-1 4.56149E-1 4.84375E-1 4.76122E-1 5.41209E-1 5.52266E-1 -9999 -9999 -9999 -9999 -9999 -9999
-9999 -9999 -9999 -9999 -9999 -9999 -9999 -9999 -9999 -9999 7.69607E-1 7.17959E-1 6.30736E-1 5.56273E-1 4.97703E-1 4.6343E-1 -9999 -9999 -9999 -9999 -9999 -9999 -9999 -9999
