analysis/maxent/LEH/2014_1/ert.asc
ncols         24
nrows         22
xllcorner     -163.028494180372
yllcorner     19.3009582783358
cellsize      0.25
NODATA_value  -9999
-9999 -9999 -9999 -9999 -9999 -9999 -9999 -9999 -9999 -9999 -9999 -9999 -9999 -9999 -9999 -9999 -9999 -9999 -9999 -9999 -9999 -9999 -9999 -9999
-9999 -9999 -9999 -9999 -9999 -9999 -9999 -9999 -9999 -9999 -9999 -9999 -9999 -9999 -9999 -9999 -9999 -9999 -9999 -9999 -9999 -9999 -9999 -9999
-9999 -9999 -9999 -9999 -9999 -9999 -9999 -9999 9.98286E-1 9.99041E-1 9.98294E-1 9.98194E-1 9.96543E-1 9.9419E-1 9.91398E-1 -9999 -9999 -9999 -9999 -9999 -9999 -9999 -9999 -9999
-9999 -9999 -9999 -9999 -9999 -9999 9.53661E-1 9.87628E-1 9.99E-1 9.9871E-1 9.9876E-1 9.99492E-1 9.99467E-1 9.98734E-1 9.8547E-1 9.85117E-1 9.8223E-1 -9999 -9999 -9999 -9999 -9999 -9999 -9999
-9999 -9999 -9999 -9999 -9999 9.37389E-1 9.43603E-1 9.64307E-1 9.99202E-1 9.97896E-1 9.98308E-1 9.98317E-1 9.98732E-1 9.98706E-1 9.989E-1 9.96102E-1 9.89767E-1 9.80752E-1 -9999 -9999 -9999 -9999 -9999 -9999
-9999 -9999 -9999 -9999 -9999 9.0499E-1 9.38867E-1 9.54058E-1 9.99196E-1 9.9678E-1 9.96898E-1 9.97656E-1 9.95965E-1 9.95112E-1 9.96473E-1 9.97828E-1 9.93842E-1 9.62006E-1 8.80708E-1 -9999 -9999 -9999 -9999 -9999
-9999 -9999 -9999 -9999 -9999 8.00159E-1 9.25777E-1 9.32859E-1 9.61135E-1 9.95059E-1 9.97417E-1 9.96334E-1 9.92664E-1 9.92629E-1 9.94449E-1 9.92594E-1 9.94539E-1 9.84702E-1 8.64949E-1 8.38362E-1 -9999 -9999 -9999 -9999
-9999 -9999 -9999 -9999 -9999 8.2928E-1 9.03394E-1 9.0608E-1 9.44745E-1 9.67668E-1 9.98117E-1 9.96393E-1 9.99218E-1 9.83433E-1 9.59954E-1 9.49667E-1 9.12172E-1 9.75089E-1 9.78152E-1 9.3083E-1 8.65415E-1 -9999 -9999 -9999
-9999 -9999 -9999 -9999 -9999 8.87119E-1 9.06751E-1 8.67028E-1 9.15406E-1 9.70336E-1 9.99775E-1 9.9976E-1 9.79543E-1 9.67528E-1 9.47486E-1 9.10465E-1 8.59364E-1 8.83143E-1 9.26137E-1 9.38385E-1 9.27384E-1 9.13021E-1 -9999 -9999
-9999 -9999 -9999 -9999 -9999 8.75232E-1 9.06516E-1 9.35397E-1 9.58686E-1 9.74755E-1 9.84617E-1 9.86241E-1 9.83601E-1 9.51976E-1 9.0892E-1 8.8924E-1 7.87E-1 8.36331E-1 8.42067E-1 8.42269E-1 7.94761E-1 8.35879E-1 -9999 -9999
-9999 -9999 -9999 -9999 -9999 8.95473E-1 9.19289E-1 9.38091E-1 9.64075E-1 9.81089E-1 9.89461E-1 9.85576E-1 9.36439E-1 8.25721E-1 7.32193E-1 8.17017E-1 7.25293E-1 6.40207E-1 6.06565E-1 5.80944E-1 6.69042E-1 7.5754E-1 6.3948E-1 -9999
-9999 -9999 -9999 -9999 -9999 8.81992E-1 8.99188E-1 9.20935E-1 9.52492E-1 9.6142E-1 9.47258E-1 9.11782E-1 8.78647E-1 7.94006E-1 6.97443E-1 7.80318E-1 6.64175E-1 4.65309E-1 4.59761E-1 4.21378E-1 4.04617E-1 4.59777E-1 4.83063E-1 -9999
-9999 -9999 -9999 -9999 -9999 8.28122E-1 8.6304E-1 8.7926E-1 9.22915E-1 8.92893E-1 9.09953E-1 9.07209E-1 9.22184E-1 8.70784E-1 8.20865E-1 8.11777E-1 6.82717E-1 3.74519E-1 2.7939E-1 2.25863E-1 2.08443E-1 2.83837E-1 3.82217E-1 -9999
-9999 -9999 -9999 -9999 -9999 6.72194E-1 8.10839E-1 8.38067E-1 8.88101E-1 9.23929E-1 9.42027E-1 9.46474E-1 9.29104E-1 8.9197E-1 8.30508E-1 7.65925E-1 6.10763E-1 3.88386E-1 2.58407E-1 1.65461E-1 1.55001E-1 1.8755E-1 -9999 -9999
-9999 -9999 -9999 -9999 -9999 5.21101E-1 6.89699E-1 7.78436E-1 8.19875E-1 8.84375E-1 8.97479E-1 9.12344E-1 8.7568E-1 8.23607E-1 7.56969E-1 6.42176E-1 7.00176E-1 3.95788E-1 2.73809E-1 1.89207E-1 1.3582E-1 -9999 -9999 -9999
-9999 -9999 -9999 -9999 -9999 4.09034E-1 5.43053E-1 7.63588E-1 8.89159E-1 9.49257E-1 9.18085E-1 9.16486E-1 9.13058E-1 8.75328E-1 7.63961E-1 6.20731E-1 4.23701E-1 3.61752E-1 3.14762E-1 2.59735E-1 1.63606E-1 -9999 -9999 -9999
-9999 -9999 -9999 -9999 -9999 5.54901E-1 6.0276E-1 6.71671E-1 8.06173E-1 8.20817E-1 7.61133E-1 7.61388E-1 7.12575E-1 6.43551E-1 5.25509E-1 4.18396E-1 3.32093E-1 2.90498E-1 2.84042E-1 2.87181E-1 2.75512E-1 -9999 -9999 -9999
-9999 -9999 -9999 -9999 -9999 4.25644E-1 5.03291E-1 5.29894E-1 5.60827E-1 5.13596E-1 4.75965E-1 5.09159E-1 4.46867E-1 4.06653E-1 3.73963E-1 3.2836E-1 2.92384E-1 2.63806E-1 2.60724E-1 2.91167E-1 -9999 -9999 -9999 -9999
-9999 -9999 -9999 -9999 -9999 -9999 4.56915E-1 3.8658E-1 3.58473E-1 3.62284E-1 3.62944E-1 3.47184E-1 3.21993E-1 3.04899E-1 2.98697E-1 2.87964E-1 2.58454E-1 2.51494E-1 2.52586E-1 -9999 -9999 -9999 -9999 -9999
-9999 -9999 -9999 -9999 -9999 -9999 -9999 2.92726E-1 2.48969E-1 2.70652E-1 3.08569E-1 3.00933E-1 2.69393E-1 2.53772E-1 2.534E-1 2.57667E-1 2.49715E-1 2.42624E-1 -9999 -9999 -9999 -9999 -9999 -9999
-9999 -9999 -9999 -9999 -9999 -9999 -9999 -9999 -9999 4.2671E-1 4.44339E-1 3.74194E-1 3.12876E-1 2.48137E-1 2.4254E-1 2.48376E-1 -9999 -9999 -9999 -9999 -9999 -9999 -9999 -9999
-9999 -9999 -9999 -9999 -9999 -9999 -9999 -9999 -9999 -9999 3.85669E-1 4.41412E-1 3.81371E-1 3.15986E-1 -9999 -9999 -9999 -9999 -9999 -9999 -9999 -9999 -9999 -9999
