analysis/maxent/LEH/2014_1/ert_clamping.asc
ncols         24
nrows         22
xllcorner     -163.028494180372
yllcorner     19.3009582783358
cellsize      0.25
NODATA_value  -9999
-9999 -9999 -9999 -9999 -9999 -9999 -9999 -9999 -9999 -9999 -9999 -9999 -9999 -9999 -9999 -9999 -9999 -9999 -9999 -9999 -9999 -9999 -9999 -9999
-9999 -9999 -9999 -9999 -9999 -9999 -9999 -9999 -9999 -9999 -9999 -9999 -9999 -9999 -9999 -9999 -9999 -9999 -9999 -9999 -9999 -9999 -9999 -9999
-9999 -9999 -9999 -9999 -9999 -9999 -9999 -9999 4.53376E-1 5.94335E-1 4.85666E-1 2.69729E-1 1.18415E-1 6.88912E-2 5.73254E-2 -9999 -9999 -9999 -9999 -9999 -9999 -9999 -9999 -9999
-9999 -9999 -9999 -9999 -9999 -9999 8.90425E-2 1.11516E-1 2.26763E-1 2.96628E-1 2.45972E-1 1.55451E-1 1.05802E-1 8.59516E-2 5.56463E-2 6.46982E-2 8.22192E-2 -9999 -9999 -9999 -9999 -9999 -9999 -9999
-9999 -9999 -9999 -9999 -9999 8.25751E-2 5.7259E-2 4.80452E-2 1.12217E-1 1.35077E-1 1.18614E-1 1.0255E-1 9.81182E-2 1.01385E-1 9.75633E-2 1.03796E-1 1.06758E-1 1.12044E-1 -9999 -9999 -9999 -9999 -9999 -9999
-9999 -9999 -9999 -9999 -9999 4.59593E-2 4.61822E-2 3.55065E-2 7.76263E-2 9.40744E-2 9.5532E-2 9.34694E-2 1.0222E-1 1.1944E-1 1.42951E-1 1.64562E-1 1.37828E-1 9.8211E-2 1.25141E-1 -9999 -9999 -9999 -9999 -9999
-9999 -9999 -9999 -9999 -9999 1.04422E-2 3.2407E-2 3.54757E-2 3.66673E-2 6.51936E-2 1.24004E-1 1.35745E-1 1.49968E-1 1.66037E-1 1.81395E-1 1.98225E-1 1.8228E-1 1.36317E-1 9.7831E-2 1.26484E-1 -9999 -9999 -9999 -9999
-9999 -9999 -9999 -9999 -9999 0E0 8.68416E-3 4.11675E-2 8.36266E-2 7.16174E-2 1.68575E-1 1.9205E-1 1.7577E-1 8.63069E-2 7.62841E-2 6.89649E-2 7.1753E-2 1.02972E-1 1.26942E-1 1.30948E-1 1.35995E-1 -9999 -9999 -9999
-9999 -9999 -9999 -9999 -9999 0E0 0E0 0E0 1.84624E-2 4.17937E-2 8.44271E-2 8.85711E-2 4.90504E-2 7.27841E-2 7.00167E-2 5.82061E-2 5.66404E-2 3.44582E-2 8.29938E-2 1.21397E-1 1.66534E-1 1.88342E-1 -9999 -9999
-9999 -9999 -9999 -9999 -9999 0E0 0E0 0E0 0E0 0E0 0E0 0E0 0E0 0E0 8.92641E-5 6.80797E-3 2.05096E-2 1.66281E-2 4.55181E-2 8.71761E-2 1.60249E-1 2.2728E-1 1.96253E-1 -9999
-9999 -9999 -9999 -9999 -9999 0E0 0E0 0E0 0E0 0E0 0E0 0E0 0E0 0E0 0E0 9.26988E-3 3.31196E-2 2.10069E-2 9.98174E-3 2.08632E-2 5.31209E-2 1.07371E-1 8.48849E-2 -9999
-9999 -9999 -9999 -9999 -9999 0E0 0E0 0E0 0E0 0E0 0E0 0E0 0E0 0E0 0E0 8.68731E-3 5.62292E-2 1.57844E-2 0E0 0E0 4.45605E-3 5.77521E-2 9.18624E-2 8.48206E-2
-9999 -9999 -9999 -9999 -9999 0E0 0E0 0E0 0E0 0E0 0E0 0E0 0E0 0E0 0E0 0E0 0E0 0E0 0E0 0E0 0E0 0E0 3.59908E-3 2.35704E-2
-9999 -9999 -9999 -9999 -9999 0E0 0E0 0E0 0E0 0E0 0E0 0E0 0E0 0E0 0E0 0E0 0E0 0E0 0E0 0E0 0E0 0E0 0E0 -9999
-9999 -9999 -9999 -9999 -9999 0E0 0E0 0E0 0E0 0E0 0E0 0E0 0E0 0E0 0E0 0E0 0E0 0E0 0E0 0E0 0E0 0E0 -9999 -9999
-9999 -9999 -9999 -9999 -9999 0E0 0E0 0E0 0E0 0E0 0E0 0E0 0E0 0E0 0E0 0E0 0E0 0E0 0E0 0E0 0E0 0E0 -9999 -9999
-9999 -9999 -9999 -9999 -9999 0E0 0E0 0E0 0E0 0E0 0E0 0E0 0E0 0E0 0E0 0E0 0E0 0E0 0E0 0E0 0E0 0E0 -9999 -9999
-9999 -9999 -9999 -9999 -9999 0E0 0E0 0E0 0E0 0E0 0E0 0E0 0E0 0E0 0E0 0E0 0E0 0E0 0E0 0E0 0E0 -9999 -9999 -9999
-9999 -9999 -9999 -9999 -9999 -9999 0E0 0E0 0E0 0E0 0E0 0E0 0E0 0E0 0E0 0E0 0E0 0E0 0E0 0E0 -9999 -9999 -9999 -9999
-9999 -9999 -9999 -9999 -9999 -9999 -9999 0E0 0E0 0E0 0E0 0E0 0E0 0E0 0E0 0E0 0E0 0E0 0E0 -9999 -9999 -9999 -9999 -9999
-9999 -9999 -9999 -9999 -9999 -9999 -9999 -9999 0E0 0E0 0E0 0E0 0E0 0E0 0E0 0E0 0E0 0E0 -9999 -9999 -9999 -9999 -9999 -9999
-9999 -9999 -9999 -9999 -9999 -9999 -9999 -9999 -9999 -9999 0E0 0E0 0E0 0E0 0E0 0E0 -9999 -9999 -9999 -9999 -9999 -9999 -9999 -9999
