analysis/maxent/MCB/2014_1/d2c.asc
ncols         24
nrows         23
xllcorner     -160.646264043509
yllcorner     18.5647826907947
cellsize      0.25
NODATA_value  -9999
2.34933E-1 2.15849E-1 2.01845E-1 1.86E-1 1.79149E-1 1.86918E-1 1.90729E-1 1.94235E-1 1.71788E-1 1.25072E-1 1.17434E-1 1.20974E-1 1.29367E-1 1.32917E-1 -9999 -9999 -9999 -9999 -9999 -9999 -9999 -9999 -9999 -9999
2.06571E-1 2.26157E-1 2.34334E-1 2.28767E-1 1.89818E-1 1.37231E-1 1.57003E-1 1.5908E-1 1.36208E-1 1.30262E-1 1.13418E-1 1.10788E-1 1.13388E-1 1.09504E-1 -9999 -9999 -9999 -9999 -9999 -9999 -9999 -9999 -9999 -9999
2.01519E-1 2.00236E-1 2.10592E-1 2.17663E-1 2.29952E-1 2.09527E-1 1.87993E-1 1.79E-1 1.57192E-1 1.18325E-1 1.23086E-1 1.29215E-1 1.28214E-1 1.21154E-1 -9999 -9999 -9999 -9999 -9999 -9999 -9999 -9999 -9999 -9999
1.82883E-1 1.87777E-1 1.81251E-1 1.75793E-1 1.85628E-1 2.05057E-1 2.18073E-1 2.12224E-1 1.70071E-1 1.78251E-1 2.22391E-1 2.34462E-1 2.28787E-1 2.11395E-1 -9999 -9999 -9999 -9999 -9999 -9999 -9999 -9999 -9999 -9999
2.04262E-1 1.65667E-1 1.5485E-1 1.46235E-1 1.66658E-1 1.93211E-1 3.00026E-1 4.39203E-1 3.21597E-1 2.8362E-1 3.64134E-1 3.37976E-1 3.23289E-1 3.08997E-1 -9999 -9999 -9999 -9999 -9999 -9999 -9999 -9999 -9999 -9999
1.42095E-1 1.43273E-1 1.47448E-1 1.78197E-1 1.023E-1 1.90579E-1 2.79144E-1 4.17614E-1 6.09967E-1 6.11793E-1 5.48158E-1 4.80534E-1 4.22116E-1 3.85655E-1 -9999 -9999 -9999 -9999 -9999 -9999 -9999 -9999 -9999 -9999
9.91257E-2 1.87659E-1 1.43257E-1 6.86457E-2 9.15019E-2 1.41877E-1 2.00225E-1 2.96648E-1 6.45783E-1 6.84632E-1 7.45452E-1 7.37374E-1 6.69727E-1 5.48632E-1 -9999 -9999 -9999 -9999 -9999 -9999 -9999 -9999 -9999 -9999
6.36467E-2 7.70865E-2 6.81606E-2 6.44344E-2 7.69411E-2 1.23927E-1 2.02851E-1 3.28557E-1 6.44808E-1 6.94096E-1 7.53597E-1 7.68086E-1 8.34337E-1 7.3061E-1 -9999 -9999 -9999 -9999 -9999 -9999 -9999 -9999 -9999 -9999
2.64197E-2 2.48311E-2 2.25656E-2 3.4795E-2 5.26912E-2 8.23936E-2 1.95321E-1 3.15716E-1 4.72899E-1 7.04732E-1 8.29625E-1 9.61231E-1 9.20865E-1 6.0407E-1 -9999 -9999 -9999 -9999 -9999 -9999 -9999 -9999 -9999 -9999
1.21114E-2 1.13463E-2 1.55628E-2 3.37961E-2 5.27185E-2 9.12659E-2 1.85532E-1 1.99469E-1 2.78914E-1 5.01076E-1 6.48756E-1 8.13532E-1 8.5398E-1 7.51466E-1 -9999 -9999 -9999 -9999 -9999 -9999 -9999 -9999 -9999 -9999
1.34922E-2 1.38489E-2 2.52797E-2 6.33731E-2 8.51937E-2 1.43408E-1 2.22898E-1 1.88926E-1 2.31537E-1 4.12652E-1 5.95052E-1 8.0546E-1 8.60694E-1 8.03644E-1 -9999 -9999 -9999 -9999 -9999 -9999 -9999 -9999 -9999 -9999
2.52668E-2 3.46489E-2 5.94724E-2 1.02571E-1 1.31835E-1 2.00141E-1 3.22121E-1 2.79957E-1 2.66785E-1 4.04767E-1 6.24042E-1 8.55769E-1 8.17216E-1 6.36612E-1 -9999 -9999 -9999 -9999 -9999 -9999 -9999 -9999 -9999 -9999
4.3393E-2 5.32922E-2 7.98242E-2 1.28416E-1 1.71168E-1 2.235E-1 3.95126E-1 3.35333E-1 2.72244E-1 4.23959E-1 4.86898E-1 6.1053E-1 5.69829E-1 4.1287E-1 -9999 -9999 -9999 -9999 -9999 -9999 -9999 -9999 -9999 -9999
6.97415E-2 7.14497E-2 9.05114E-2 1.75749E-1 2.40192E-1 2.77E-1 3.26359E-1 3.12532E-1 3.33551E-1 4.01683E-1 3.75201E-1 3.14252E-1 2.78674E-1 2.12789E-1 -9999 -9999 -9999 -9999 -9999 -9999 -9999 -9999 -9999 -9999
5.72835E-2 5.72914E-2 6.04509E-2 1.0181E-1 1.72139E-1 1.94067E-1 2.23156E-1 2.41154E-1 3.10248E-1 3.97149E-1 4.01028E-1 2.65911E-1 2.30482E-1 1.59278E-1 -9999 -9999 -9999 -9999 -9999 -9999 -9999 -9999 -9999 -9999
5.07241E-2 4.58703E-2 4.4757E-2 5.59934E-2 1.05421E-1 1.55319E-1 1.84036E-1 2.13941E-1 2.71417E-1 3.45081E-1 4.39726E-1 4.7834E-1 3.18844E-1 1.6276E-1 -9999 -9999 -9999 -9999 -9999 -9999 -9999 -9999 -9999 -9999
4.71257E-2 4.47528E-2 4.10233E-2 4.20078E-2 6.32461E-2 1.05631E-1 1.51105E-1 1.82039E-1 2.18762E-1 2.47521E-1 2.66408E-1 2.92877E-1 2.64788E-1 2.16344E-1 -9999 -9999 -9999 -9999 -9999 -9999 -9999 -9999 -9999 -9999
4.52081E-2 4.73679E-2 4.45436E-2 4.07746E-2 4.19944E-2 5.99641E-2 9.428E-2 1.35087E-1 1.57126E-1 1.78539E-1 1.88326E-1 1.98726E-1 1.95396E-1 2.15742E-1 -9999 -9999 -9999 -9999 -9999 -9999 -9999 -9999 -9999 -9999
7.81621E-2 7.06664E-2 6.05131E-2 4.80963E-2 4.06984E-2 3.99189E-2 4.71836E-2 6.7028E-2 9.26025E-2 1.23403E-1 1.44699E-1 1.49406E-1 1.56471E-1 1.64825E-1 -9999 -9999 -9999 -9999 -9999 -9999 -9999 -9999 -9999 -9999
6.06803E-2 8.04488E-2 7.75333E-2 6.78941E-2 4.85893E-2 4.08602E-2 3.68115E-2 3.6816E-2 4.73283E-2 6.13734E-2 7.73259E-2 8.34985E-2 7.99049E-2 6.07169E-2 -9999 -9999 -9999 -9999 -9999 -9999 -9999 -9999 -9999 -9999
-9999 -9999 -9999 -9999 -9999 -9999 -9999 -9999 -9999 -9999 -9999 -9999 -9999 -9999 -9999 -9999 -9999 -9999 -9999 -9999 -9999 -9999 -9999 -9999
-9999 -9999 -9999 -9999 -9999 -9999 -9999 -9999 -9999 -9999 -9999 -9999 -9999 -9999 -9999 -9999 -9999 -9999 -9999 -9999 -9999 -9999 -9999 -9999
-9999 -9999 -9999 -9999 -9999 -9999 -9999 -9999 -9999 -9999 -9999 -9999 -9999 -9999 -9999 -9999 -9999 -9999 -9999 -9999 -9999 -9999 -9999 -9999
