analysis/maxent/MCB/2014_1/d2c.asc
ncols         24
nrows         23
xllcorner     -160.646264043509
yllcorner     18.5647826907947
cellsize      0.25
NODATA_value  -9999
5.78599E-2 5.19555E-2 4.78402E-2 4.26964E-2 3.88589E-2 3.73207E-2 3.55139E-2 3.48027E-2 3.02618E-2 2.33118E-2 2.19733E-2 2.08501E-2 2.00225E-2 1.90922E-2 -9999 -9999 -9999 -9999 -9999 -9999 -9999 -9999 -9999 -9999
6.8496E-2 7.0351E-2 7.14254E-2 6.85257E-2 5.44498E-2 3.69195E-2 3.93999E-2 3.72879E-2 3.06004E-2 2.86866E-2 2.43025E-2 2.16312E-2 2.00195E-2 1.82199E-2 -9999 -9999 -9999 -9999 -9999 -9999 -9999 -9999 -9999 -9999
7.78628E-2 7.4704E-2 7.43233E-2 7.53091E-2 7.53062E-2 6.40977E-2 5.48804E-2 5.0484E-2 4.26723E-2 3.0376E-2 3.03434E-2 2.9333E-2 2.67211E-2 2.367E-2 -9999 -9999 -9999 -9999 -9999 -9999 -9999 -9999 -9999 -9999
8.07509E-2 7.39342E-2 7.04601E-2 6.91191E-2 6.8742E-2 6.80998E-2 6.46306E-2 6.29331E-2 4.8343E-2 4.84805E-2 5.54793E-2 5.38986E-2 5.00428E-2 4.50694E-2 -9999 -9999 -9999 -9999 -9999 -9999 -9999 -9999 -9999 -9999
8.46887E-2 7.46666E-2 7.07077E-2 6.82317E-2 6.81275E-2 7.34257E-2 1.05804E-1 1.34576E-1 8.60518E-2 7.65845E-2 9.45728E-2 8.47707E-2 7.76923E-2 7.04841E-2 -9999 -9999 -9999 -9999 -9999 -9999 -9999 -9999 -9999 -9999
6.45948E-2 7.76619E-2 7.39125E-2 6.99361E-2 3.84489E-2 6.66263E-2 8.60124E-2 1.31878E-1 2.14469E-1 2.13359E-1 1.76377E-1 1.41661E-1 1.16243E-1 1.0165E-1 -9999 -9999 -9999 -9999 -9999 -9999 -9999 -9999 -9999 -9999
5.49688E-2 9.08296E-2 6.69906E-2 3.20827E-2 4.14887E-2 5.44089E-2 7.38901E-2 1.08624E-1 2.83295E-1 3.08239E-1 3.19136E-1 3.01387E-1 2.43433E-1 1.70535E-1 -9999 -9999 -9999 -9999 -9999 -9999 -9999 -9999 -9999 -9999
6.68721E-2 4.83124E-2 3.75481E-2 3.42897E-2 3.37958E-2 5.13542E-2 8.7866E-2 1.44907E-1 3.65164E-1 4.02646E-1 4.31025E-1 4.52685E-1 4.40978E-1 3.06213E-1 -9999 -9999 -9999 -9999 -9999 -9999 -9999 -9999 -9999 -9999
7.01678E-2 3.10627E-2 1.92609E-2 1.93176E-2 2.03985E-2 3.57073E-2 8.90527E-2 1.52151E-1 2.35991E-1 4.28273E-1 5.76998E-1 7.9419E-1 6.79657E-1 3.25144E-1 -9999 -9999 -9999 -9999 -9999 -9999 -9999 -9999 -9999 -9999
4.35638E-2 2.25446E-2 2.09363E-2 2.93512E-2 3.33824E-2 5.47112E-2 1.01203E-1 1.10479E-1 1.70623E-1 3.3639E-1 4.48451E-1 6.34691E-1 6.75947E-1 5.12772E-1 -9999 -9999 -9999 -9999 -9999 -9999 -9999 -9999 -9999 -9999
3.56483E-2 2.6206E-2 3.39796E-2 5.47797E-2 6.17066E-2 9.65448E-2 1.60892E-1 1.44876E-1 2.01308E-1 3.1243E-1 4.32376E-1 6.62051E-1 7.2428E-1 6.36514E-1 -9999 -9999 -9999 -9999 -9999 -9999 -9999 -9999 -9999 -9999
5.57806E-2 5.55169E-2 6.9812E-2 8.60159E-2 9.56844E-2 1.49124E-1 2.68201E-1 2.7272E-1 2.91676E-1 3.68445E-1 4.79273E-1 7.5511E-1 6.90528E-1 4.79766E-1 -9999 -9999 -9999 -9999 -9999 -9999 -9999 -9999 -9999 -9999
8.93573E-2 8.04535E-2 9.20418E-2 1.19477E-1 1.42205E-1 1.86106E-1 3.48022E-1 3.52056E-1 3.18448E-1 4.38965E-1 4.40222E-1 5.36552E-1 4.99485E-1 3.31296E-1 -9999 -9999 -9999 -9999 -9999 -9999 -9999 -9999 -9999 -9999
1.65254E-1 1.33935E-1 1.31647E-1 1.9961E-1 2.29669E-1 2.59323E-1 3.10556E-1 3.22081E-1 3.5112E-1 4.43951E-1 4.03467E-1 3.55424E-1 3.67272E-1 2.86787E-1 -9999 -9999 -9999 -9999 -9999 -9999 -9999 -9999 -9999 -9999
1.61801E-1 1.41104E-1 1.20023E-1 1.60461E-1 1.94443E-1 2.02752E-1 2.23599E-1 2.34689E-1 2.98035E-1 3.77785E-1 4.26411E-1 3.09014E-1 3.03614E-1 1.97961E-1 -9999 -9999 -9999 -9999 -9999 -9999 -9999 -9999 -9999 -9999
1.47824E-1 1.27342E-1 1.08748E-1 1.07947E-1 1.45101E-1 1.69263E-1 1.88326E-1 2.107E-1 2.57396E-1 3.15188E-1 3.88259E-1 4.26907E-1 2.94492E-1 1.35601E-1 -9999 -9999 -9999 -9999 -9999 -9999 -9999 -9999 -9999 -9999
1.3617E-1 1.24133E-1 1.03354E-1 8.69857E-2 1.07652E-1 1.35177E-1 1.63153E-1 1.86104E-1 2.14584E-1 2.3357E-1 2.40781E-1 2.53524E-1 2.19135E-1 1.66647E-1 -9999 -9999 -9999 -9999 -9999 -9999 -9999 -9999 -9999 -9999
1.2959E-1 1.25978E-1 1.077E-1 8.80559E-2 7.87182E-2 1.003E-1 1.28088E-1 1.54969E-1 1.70398E-1 1.81465E-1 1.78207E-1 1.76578E-1 1.65682E-1 1.76858E-1 -9999 -9999 -9999 -9999 -9999 -9999 -9999 -9999 -9999 -9999
2.1325E-1 1.81561E-1 1.43722E-1 1.04015E-1 8.25429E-2 7.6563E-2 8.85839E-2 1.12203E-1 1.26836E-1 1.39929E-1 1.42764E-1 1.37536E-1 1.37191E-1 1.42937E-1 -9999 -9999 -9999 -9999 -9999 -9999 -9999 -9999 -9999 -9999
2.06539E-1 2.03734E-1 1.74154E-1 1.42026E-1 9.65317E-2 8.34421E-2 7.80797E-2 7.4792E-2 8.42125E-2 8.89007E-2 9.20566E-2 9.0028E-2 8.25126E-2 6.28373E-2 -9999 -9999 -9999 -9999 -9999 -9999 -9999 -9999 -9999 -9999
-9999 -9999 -9999 -9999 -9999 -9999 -9999 -9999 -9999 -9999 -9999 -9999 -9999 -9999 -9999 -9999 -9999 -9999 -9999 -9999 -9999 -9999 -9999 -9999
-9999 -9999 -9999 -9999 -9999 -9999 -9999 -9999 -9999 -9999 -9999 -9999 -9999 -9999 -9999 -9999 -9999 -9999 -9999 -9999 -9999 -9999 -9999 -9999
-9999 -9999 -9999 -9999 -9999 -9999 -9999 -9999 -9999 -9999 -9999 -9999 -9999 -9999 -9999 -9999 -9999 -9999 -9999 -9999 -9999 -9999 -9999 -9999
