analysis/maxent/MCB/2014_1/d2c_clamping.asc
ncols         24
nrows         23
xllcorner     -160.646264043509
yllcorner     18.5647826907947
cellsize      0.25
NODATA_value  -9999
2.31847E-1 2.11232E-1 1.95022E-1 1.7642E-1 1.65542E-1 1.6667E-1 1.62631E-1 1.57186E-1 1.31974E-1 9.19642E-2 8.31878E-2 8.40198E-2 9.01458E-2 9.51758E-2 -9999 -9999 -9999 -9999 -9999 -9999 -9999 -9999 -9999 -9999
2.01952E-1 2.17573E-1 2.19832E-1 2.06689E-1 1.62826E-1 1.09768E-1 1.1329E-1 1.00972E-1 7.48292E-2 6.12891E-2 4.69366E-2 4.27498E-2 4.45755E-2 4.77279E-2 -9999 -9999 -9999 -9999 -9999 -9999 -9999 -9999 -9999 -9999
1.94011E-1 1.87471E-1 1.88259E-1 1.80756E-1 1.69997E-1 1.30394E-1 8.98025E-2 5.55799E-2 2.18129E-2 0E0 0E0 0E0 0E0 0E0 -9999 -9999 -9999 -9999 -9999 -9999 -9999 -9999 -9999 -9999
1.72046E-1 1.68295E-1 1.4965E-1 1.26159E-1 1.03747E-1 7.02797E-2 1.68325E-2 0E0 0E0 0E0 0E0 0E0 0E0 0E0 -9999 -9999 -9999 -9999 -9999 -9999 -9999 -9999 -9999 -9999
1.85457E-1 1.39064E-1 1.12337E-1 8.00279E-2 4.66387E-2 6.59795E-6 0E0 0E0 0E0 0E0 0E0 0E0 0E0 0E0 -9999 -9999 -9999 -9999 -9999 -9999 -9999 -9999 -9999 -9999
1.23608E-1 1.0942E-1 8.64243E-2 5.36515E-2 0E0 0E0 0E0 0E0 0E0 0E0 0E0 0E0 0E0 0E0 -9999 -9999 -9999 -9999 -9999 -9999 -9999 -9999 -9999 -9999
8.16454E-2 1.2431E-1 5.88215E-2 0E0 0E0 0E0 0E0 0E0 0E0 0E0 0E0 0E0 0E0 0E0 -9999 -9999 -9999 -9999 -9999 -9999 -9999 -9999 -9999 -9999
4.91991E-2 4.39602E-2 1.47603E-2 0E0 0E0 0E0 0E0 0E0 0E0 0E0 0E0 0E0 0E0 0E0 -9999 -9999 -9999 -9999 -9999 -9999 -9999 -9999 -9999 -9999
1.91369E-2 1.16953E-2 1.61485E-4 0E0 0E0 0E0 0E0 0E0 0E0 0E0 0E0 0E0 0E0 0E0 -9999 -9999 -9999 -9999 -9999 -9999 -9999 -9999 -9999 -9999
8.26708E-3 4.33926E-3 0E0 0E0 0E0 0E0 0E0 0E0 0E0 0E0 0E0 0E0 0E0 0E0 -9999 -9999 -9999 -9999 -9999 -9999 -9999 -9999 -9999 -9999
8.84661E-3 4.50384E-3 0E0 0E0 0E0 0E0 0E0 0E0 0E0 0E0 0E0 0E0 0E0 0E0 -9999 -9999 -9999 -9999 -9999 -9999 -9999 -9999 -9999 -9999
1.64125E-2 1.08459E-2 0E0 0E0 0E0 0E0 0E0 0E0 0E0 0E0 0E0 0E0 0E0 0E0 -9999 -9999 -9999 -9999 -9999 -9999 -9999 -9999 -9999 -9999
2.89334E-2 1.86943E-2 0E0 0E0 0E0 0E0 0E0 0E0 0E0 0E0 0E0 0E0 0E0 0E0 -9999 -9999 -9999 -9999 -9999 -9999 -9999 -9999 -9999 -9999
4.90551E-2 3.06389E-2 0E0 0E0 0E0 0E0 0E0 0E0 0E0 0E0 0E0 0E0 0E0 0E0 -9999 -9999 -9999 -9999 -9999 -9999 -9999 -9999 -9999 -9999
4.33273E-2 3.06351E-2 8.14125E-3 0E0 0E0 0E0 0E0 0E0 0E0 0E0 0E0 0E0 0E0 0E0 -9999 -9999 -9999 -9999 -9999 -9999 -9999 -9999 -9999 -9999
4.11672E-2 2.96002E-2 1.55985E-2 0E0 0E0 0E0 0E0 0E0 0E0 0E0 0E0 0E0 0E0 0E0 -9999 -9999 -9999 -9999 -9999 -9999 -9999 -9999 -9999 -9999
4.06449E-2 3.33351E-2 2.21415E-2 8.16444E-3 0E0 0E0 0E0 0E0 0E0 0E0 0E0 0E0 0E0 0E0 -9999 -9999 -9999 -9999 -9999 -9999 -9999 -9999 -9999 -9999
4.09099E-2 3.91372E-2 3.08414E-2 1.92936E-2 5.46298E-3 0E0 0E0 0E0 0E0 0E0 0E0 0E0 0E0 0E0 -9999 -9999 -9999 -9999 -9999 -9999 -9999 -9999 -9999 -9999
7.31917E-2 6.26421E-2 4.86345E-2 3.23318E-2 1.92026E-2 7.30814E-3 0E0 0E0 0E0 0E0 0E0 0E0 0E0 0E0 -9999 -9999 -9999 -9999 -9999 -9999 -9999 -9999 -9999 -9999
5.82762E-2 7.47823E-2 6.82457E-2 5.45903E-2 3.36639E-2 2.19148E-2 1.22053E-2 3.12677E-3 0E0 0E0 0E0 0E0 0E0 0E0 -9999 -9999 -9999 -9999 -9999 -9999 -9999 -9999 -9999 -9999
-9999 -9999 -9999 -9999 -9999 -9999 -9999 -9999 -9999 -9999 -9999 -9999 -9999 -9999 -9999 -9999 -9999 -9999 -9999 -9999 -9999 -9999 -9999 -9999
-9999 -9999 -9999 -9999 -9999 -9999 -9999 -9999 -9999 -9999 -9999 -9999 -9999 -9999 -9999 -9999 -9999 -9999 -9999 -9999 -9999 -9999 -9999 -9999
-9999 -9999 -9999 -9999 -9999 -9999 -9999 -9999 -9999 -9999 -9999 -9999 -9999 -9999 -9999 -9999 -9999 -9999 -9999 -9999 -9999 -9999 -9999 -9999
