analysis/maxent/MCB/2014_1/d2c_clamping.asc
ncols         24
nrows         23
xllcorner     -160.646264043509
yllcorner     18.5647826907947
cellsize      0.25
NODATA_value  -9999
5.76233E-2 5.15472E-2 4.71534E-2 4.16354E-2 3.72781E-2 3.49736E-2 3.22565E-2 3.04105E-2 2.53274E-2 1.87155E-2 1.70728E-2 1.59496E-2 1.54003E-2 1.5053E-2 -9999 -9999 -9999 -9999 -9999 -9999 -9999 -9999 -9999 -9999
6.79083E-2 6.91721E-2 6.92036E-2 6.47797E-2 4.95297E-2 3.17215E-2 3.1179E-2 2.6466E-2 1.90347E-2 1.54696E-2 1.15881E-2 9.66769E-3 9.13303E-3 9.15858E-3 -9999 -9999 -9999 -9999 -9999 -9999 -9999 -9999 -9999 -9999
7.65529E-2 7.22305E-2 6.96942E-2 6.69165E-2 6.11103E-2 4.49072E-2 3.02741E-2 1.86069E-2 7.1829E-3 0E0 0E0 0E0 0E0 0E0 -9999 -9999 -9999 -9999 -9999 -9999 -9999 -9999 -9999 -9999
7.82703E-2 6.94178E-2 6.2247E-2 5.44643E-2 4.36472E-2 2.77643E-2 6.30085E-3 0E0 0E0 0E0 0E0 0E0 0E0 0E0 -9999 -9999 -9999 -9999 -9999 -9999 -9999 -9999 -9999 -9999
8.02335E-2 6.67578E-2 5.61723E-2 4.22613E-2 2.26716E-2 0E0 0E0 0E0 0E0 0E0 0E0 0E0 0E0 0E0 -9999 -9999 -9999 -9999 -9999 -9999 -9999 -9999 -9999 -9999
5.91936E-2 6.42393E-2 4.8713E-2 2.50808E-2 0E0 0E0 0E0 0E0 0E0 0E0 0E0 0E0 0E0 0E0 -9999 -9999 -9999 -9999 -9999 -9999 -9999 -9999 -9999 -9999
4.80797E-2 6.67562E-2 3.17447E-2 0E0 0E0 0E0 0E0 0E0 0E0 0E0 0E0 0E0 0E0 0E0 -9999 -9999 -9999 -9999 -9999 -9999 -9999 -9999 -9999 -9999
5.50626E-2 3.04481E-2 9.38118E-3 0E0 0E0 0E0 0E0 0E0 0E0 0E0 0E0 0E0 0E0 0E0 -9999 -9999 -9999 -9999 -9999 -9999 -9999 -9999 -9999 -9999
5.41151E-2 1.61109E-2 1.75338E-4 0E0 0E0 0E0 0E0 0E0 0E0 0E0 0E0 0E0 0E0 0E0 -9999 -9999 -9999 -9999 -9999 -9999 -9999 -9999 -9999 -9999
3.18219E-2 9.518E-3 0E0 0E0 0E0 0E0 0E0 0E0 0E0 0E0 0E0 0E0 0E0 0E0 -9999 -9999 -9999 -9999 -9999 -9999 -9999 -9999 -9999 -9999
2.51548E-2 9.47178E-3 0E0 0E0 0E0 0E0 0E0 0E0 0E0 0E0 0E0 0E0 0E0 0E0 -9999 -9999 -9999 -9999 -9999 -9999 -9999 -9999 -9999 -9999
3.90854E-2 1.93726E-2 0E0 0E0 0E0 0E0 0E0 0E0 0E0 0E0 0E0 0E0 0E0 0E0 -9999 -9999 -9999 -9999 -9999 -9999 -9999 -9999 -9999 -9999
6.41152E-2 3.13846E-2 0E0 0E0 0E0 0E0 0E0 0E0 0E0 0E0 0E0 0E0 0E0 0E0 -9999 -9999 -9999 -9999 -9999 -9999 -9999 -9999 -9999 -9999
1.2371E-1 6.28083E-2 0E0 0E0 0E0 0E0 0E0 0E0 0E0 0E0 0E0 0E0 0E0 0E0 -9999 -9999 -9999 -9999 -9999 -9999 -9999 -9999 -9999 -9999
1.29411E-1 8.14911E-2 1.79648E-2 0E0 0E0 0E0 0E0 0E0 0E0 0E0 0E0 0E0 0E0 0E0 -9999 -9999 -9999 -9999 -9999 -9999 -9999 -9999 -9999 -9999
1.26161E-1 8.81352E-2 4.15976E-2 0E0 0E0 0E0 0E0 0E0 0E0 0E0 0E0 0E0 0E0 0E0 -9999 -9999 -9999 -9999 -9999 -9999 -9999 -9999 -9999 -9999
1.22616E-1 9.82895E-2 6.06164E-2 1.88922E-2 0E0 0E0 0E0 0E0 0E0 0E0 0E0 0E0 0E0 0E0 -9999 -9999 -9999 -9999 -9999 -9999 -9999 -9999 -9999 -9999
1.21421E-1 1.09486E-1 8.00062E-2 4.57671E-2 1.15713E-2 0E0 0E0 0E0 0E0 0E0 0E0 0E0 0E0 0E0 -9999 -9999 -9999 -9999 -9999 -9999 -9999 -9999 -9999 -9999
2.04895E-1 1.67228E-1 1.21994E-1 7.53646E-2 4.29044E-2 1.57786E-2 0E0 0E0 0E0 0E0 0E0 0E0 0E0 0E0 -9999 -9999 -9999 -9999 -9999 -9999 -9999 -9999 -9999 -9999
2.02057E-1 1.94799E-1 1.59679E-1 1.20792E-1 7.20462E-2 4.90202E-2 2.87681E-2 7.19707E-3 0E0 0E0 0E0 0E0 0E0 0E0 -9999 -9999 -9999 -9999 -9999 -9999 -9999 -9999 -9999 -9999
-9999 -9999 -9999 -9999 -9999 -9999 -9999 -9999 -9999 -9999 -9999 -9999 -9999 -9999 -9999 -9999 -9999 -9999 -9999 -9999 -9999 -9999 -9999 -9999
-9999 -9999 -9999 -9999 -9999 -9999 -9999 -9999 -9999 -9999 -9999 -9999 -9999 -9999 -9999 -9999 -9999 -9999 -9999 -9999 -9999 -9999 -9999 -9999
-9999 -9999 -9999 -9999 -9999 -9999 -9999 -9999 -9999 -9999 -9999 -9999 -9999 -9999 -9999 -9999 -9999 -9999 -9999 -9999 -9999 -9999 -9999 -9999
