analysis/maxent/MCB/2014_1/envonly.asc
ncols         24
nrows         23
xllcorner     -160.646264043509
yllcorner     18.5647826907947
cellsize      0.25
NODATA_value  -9999
7.85301E-1 7.50157E-1 7.21691E-1 6.80058E-1 6.47811E-1 6.40731E-1 6.25452E-1 6.23097E-1 5.73776E-1 5.53968E-1 6.05136E-1 6.02008E-1 5.69223E-1 5.58713E-1 -9999 -9999 -9999 -9999 -9999 -9999 -9999 -9999 -9999 -9999
8.3962E-1 8.45514E-1 8.51553E-1 8.28205E-1 7.4203E-1 5.9405E-1 6.27719E-1 6.16034E-1 5.6343E-1 5.49468E-1 5.75071E-1 6.18164E-1 6.24816E-1 6.71008E-1 -9999 -9999 -9999 -9999 -9999 -9999 -9999 -9999 -9999 -9999
8.49727E-1 8.47008E-1 8.48661E-1 8.54362E-1 8.57119E-1 7.94252E-1 7.40627E-1 7.13398E-1 6.47097E-1 5.44672E-1 5.62574E-1 5.83486E-1 6.03041E-1 6.05379E-1 -9999 -9999 -9999 -9999 -9999 -9999 -9999 -9999 -9999 -9999
8.44692E-1 8.29945E-1 8.26035E-1 8.30769E-1 8.334E-1 8.30304E-1 8.03293E-1 6.90662E-1 5.27474E-1 6.01475E-1 5.43572E-1 5.52793E-1 5.79567E-1 5.99102E-1 -9999 -9999 -9999 -9999 -9999 -9999 -9999 -9999 -9999 -9999
8.28526E-1 8.06574E-1 7.95422E-1 7.95024E-1 7.99052E-1 7.94544E-1 7.89305E-1 7.8993E-1 5.19947E-1 5.32921E-1 5.13725E-1 5.06524E-1 5.34309E-1 5.62211E-1 -9999 -9999 -9999 -9999 -9999 -9999 -9999 -9999 -9999 -9999
6.37599E-1 7.977E-1 7.75582E-1 7.34092E-1 4.63979E-1 4.94726E-1 4.81806E-1 5.74987E-1 7.56671E-1 7.15988E-1 6.02868E-1 5.11988E-1 4.76902E-1 5.03221E-1 -9999 -9999 -9999 -9999 -9999 -9999 -9999 -9999 -9999 -9999
4.54606E-1 8.02822E-1 6.7991E-1 5.48009E-1 7.5645E-1 8.08603E-1 7.13987E-1 5.04839E-1 7.64473E-1 7.73224E-1 7.47463E-1 7.10899E-1 6.14288E-1 4.94846E-1 -9999 -9999 -9999 -9999 -9999 -9999 -9999 -9999 -9999 -9999
3.64848E-1 4.74677E-1 5.82824E-1 8.57886E-1 8.17007E-1 8.3917E-1 8.44535E-1 5.45893E-1 7.92123E-1 7.91267E-1 7.87139E-1 7.82431E-1 7.74176E-1 6.20977E-1 -9999 -9999 -9999 -9999 -9999 -9999 -9999 -9999 -9999 -9999
2.7829E-1 5.37952E-1 5.86573E-1 4.77832E-1 3.48015E-1 6.61335E-1 8.34787E-1 7.76955E-1 5.27535E-1 5.78389E-1 5.86335E-1 7.62411E-1 6.52921E-1 5.52462E-1 -9999 -9999 -9999 -9999 -9999 -9999 -9999 -9999 -9999 -9999
2.081E-1 2.36763E-1 2.8048E-1 3.44438E-1 2.74628E-1 5.61374E-1 7.33851E-1 6.98423E-1 7.37588E-1 8.10173E-1 8.3589E-1 8.56638E-1 7.21794E-1 6.91674E-1 -9999 -9999 -9999 -9999 -9999 -9999 -9999 -9999 -9999 -9999
2.71021E-1 3.24312E-1 4.71889E-1 6.16817E-1 6.25448E-1 7.0357E-1 7.31232E-1 6.22328E-1 5.49888E-1 5.23715E-1 4.1871E-1 6.75366E-1 7.95627E-1 8.38848E-1 -9999 -9999 -9999 -9999 -9999 -9999 -9999 -9999 -9999 -9999
3.97677E-1 4.2179E-1 4.71503E-1 6.92073E-1 7.38219E-1 7.17382E-1 4.10521E-1 6.28183E-1 5.57172E-1 4.67772E-1 2.60337E-1 3.57813E-1 5.95438E-1 7.3537E-1 -9999 -9999 -9999 -9999 -9999 -9999 -9999 -9999 -9999 -9999
1.70368E-1 2.26864E-1 3.09896E-1 3.89652E-1 5.19377E-1 4.98141E-1 3.51431E-1 3.47662E-1 5.83544E-1 6.07342E-1 3.80606E-1 3.20357E-1 3.07318E-1 3.01323E-1 -9999 -9999 -9999 -9999 -9999 -9999 -9999 -9999 -9999 -9999
2.25859E-1 2.56745E-1 3.43044E-1 4.05931E-1 3.60805E-1 3.38156E-1 3.1953E-1 3.35207E-1 4.56555E-1 6.67628E-1 5.78176E-1 2.97022E-1 2.57999E-1 2.76981E-1 -9999 -9999 -9999 -9999 -9999 -9999 -9999 -9999 -9999 -9999
1.72751E-1 1.84337E-1 2.15105E-1 2.61577E-1 3.02911E-1 3.25397E-1 3.929E-1 4.97904E-1 4.23176E-1 3.49712E-1 4.68981E-1 5.79467E-1 5.07249E-1 4.4311E-1 -9999 -9999 -9999 -9999 -9999 -9999 -9999 -9999 -9999 -9999
1.53424E-1 1.41405E-1 1.53079E-1 1.94327E-1 2.69231E-1 3.45818E-1 4.2338E-1 4.71677E-1 4.12048E-1 3.54628E-1 3.67913E-1 3.67934E-1 4.64263E-1 6.10052E-1 -9999 -9999 -9999 -9999 -9999 -9999 -9999 -9999 -9999 -9999
1.46728E-1 1.42709E-1 1.45464E-1 1.81038E-1 2.55467E-1 3.29183E-1 3.86753E-1 4.10998E-1 4.02684E-1 4.09925E-1 4.3001E-1 4.01053E-1 5.09939E-1 7.09806E-1 -9999 -9999 -9999 -9999 -9999 -9999 -9999 -9999 -9999 -9999
1.46103E-1 1.58631E-1 1.65227E-1 1.83365E-1 2.35677E-1 3.05038E-1 3.40171E-1 3.77341E-1 4.10332E-1 4.31814E-1 4.89087E-1 5.0905E-1 5.47767E-1 4.40202E-1 -9999 -9999 -9999 -9999 -9999 -9999 -9999 -9999 -9999 -9999
2.7845E-1 2.61929E-1 2.32985E-1 2.02134E-1 2.18516E-1 2.47373E-1 2.76995E-1 3.15407E-1 3.74471E-1 4.05759E-1 4.40411E-1 4.76986E-1 4.66752E-1 3.9485E-1 -9999 -9999 -9999 -9999 -9999 -9999 -9999 -9999 -9999 -9999
3.03045E-1 3.41304E-1 3.2288E-1 2.92884E-1 2.24147E-1 2.13059E-1 2.24235E-1 2.41826E-1 2.88616E-1 3.98658E-1 4.31232E-1 4.55444E-1 5.17901E-1 7.01451E-1 -9999 -9999 -9999 -9999 -9999 -9999 -9999 -9999 -9999 -9999
-9999 -9999 -9999 -9999 -9999 -9999 -9999 -9999 -9999 -9999 -9999 -9999 -9999 -9999 -9999 -9999 -9999 -9999 -9999 -9999 -9999 -9999 -9999 -9999
-9999 -9999 -9999 -9999 -9999 -9999 -9999 -9999 -9999 -9999 -9999 -9999 -9999 -9999 -9999 -9999 -9999 -9999 -9999 -9999 -9999 -9999 -9999 -9999
-9999 -9999 -9999 -9999 -9999 -9999 -9999 -9999 -9999 -9999 -9999 -9999 -9999 -9999 -9999 -9999 -9999 -9999 -9999 -9999 -9999 -9999 -9999 -9999
