analysis/maxent/MCB/2014_1/envonly.asc
ncols         24
nrows         23
xllcorner     -160.646264043509
yllcorner     18.5647826907947
cellsize      0.25
NODATA_value  -9999
2.83609E-1 2.38979E-1 2.05009E-1 1.69842E-1 1.47962E-1 1.43089E-1 1.36028E-1 1.30843E-1 1.0427E-1 9.48994E-2 1.06455E-1 1.0479E-1 9.67847E-2 9.53838E-2 -9999 -9999 -9999 -9999 -9999 -9999 -9999 -9999 -9999 -9999
3.47576E-1 3.22373E-1 3.09885E-1 2.67177E-1 2.00059E-1 1.25013E-1 1.42916E-1 1.34272E-1 1.0594E-1 9.98465E-2 1.10314E-1 1.26913E-1 1.31561E-1 1.52462E-1 -9999 -9999 -9999 -9999 -9999 -9999 -9999 -9999 -9999 -9999
3.5765E-1 3.52994E-1 3.40056E-1 3.30867E-1 3.20113E-1 2.47315E-1 2.08376E-1 1.89405E-1 1.53817E-1 1.14095E-1 1.22615E-1 1.31445E-1 1.39254E-1 1.3569E-1 -9999 -9999 -9999 -9999 -9999 -9999 -9999 -9999 -9999 -9999
3.92327E-1 4.12985E-1 4.15013E-1 4.00204E-1 3.82341E-1 3.71385E-1 3.26086E-1 2.29373E-1 1.38478E-1 1.72472E-1 1.39944E-1 1.42503E-1 1.51807E-1 1.54479E-1 -9999 -9999 -9999 -9999 -9999 -9999 -9999 -9999 -9999 -9999
4.26679E-1 4.94781E-1 4.97327E-1 4.85052E-1 4.63087E-1 4.34451E-1 4.04921E-1 3.74551E-1 1.66912E-1 1.79031E-1 1.50685E-1 1.50912E-1 1.57734E-1 1.65119E-1 -9999 -9999 -9999 -9999 -9999 -9999 -9999 -9999 -9999 -9999
2.89283E-1 5.4166E-1 5.29155E-1 4.31822E-1 2.02411E-1 2.01518E-1 1.83572E-1 2.38884E-1 3.70407E-1 3.20184E-1 2.27142E-1 1.60266E-1 1.46411E-1 1.52591E-1 -9999 -9999 -9999 -9999 -9999 -9999 -9999 -9999 -9999 -9999
2.05631E-1 5.19019E-1 4.08111E-1 3.11572E-1 5.03706E-1 5.31218E-1 4.38986E-1 2.39832E-1 4.48244E-1 4.42582E-1 3.78476E-1 3.29007E-1 2.42038E-1 1.56138E-1 -9999 -9999 -9999 -9999 -9999 -9999 -9999 -9999 -9999 -9999
3.41415E-1 2.74304E-1 3.3931E-1 5.87807E-1 5.49303E-1 5.66781E-1 5.67387E-1 2.91693E-1 5.28968E-1 5.19121E-1 5.0373E-1 4.77932E-1 4.34745E-1 2.66383E-1 -9999 -9999 -9999 -9999 -9999 -9999 -9999 -9999 -9999 -9999
6.61934E-1 6.04199E-1 4.69565E-1 3.41118E-1 3.43593E-1 4.23117E-1 5.38763E-1 4.77982E-1 2.46318E-1 2.71887E-1 2.99965E-1 4.708E-1 3.50918E-1 2.70848E-1 -9999 -9999 -9999 -9999 -9999 -9999 -9999 -9999 -9999 -9999
6.81215E-1 4.7362E-1 4.26025E-1 3.95602E-1 3.33129E-1 4.02852E-1 4.9744E-1 4.45697E-1 4.47322E-1 4.99414E-1 5.39419E-1 5.97297E-1 4.93581E-1 4.43941E-1 -9999 -9999 -9999 -9999 -9999 -9999 -9999 -9999 -9999 -9999
6.40008E-1 5.62732E-1 5.91281E-1 6.02524E-1 5.45255E-1 5.80316E-1 6.09292E-1 5.21474E-1 4.22625E-1 3.56633E-1 3.53255E-1 4.66008E-1 5.63608E-1 6.16513E-1 -9999 -9999 -9999 -9999 -9999 -9999 -9999 -9999 -9999 -9999
7.5981E-1 6.72807E-1 6.08868E-1 7.17729E-1 7.22603E-1 6.77602E-1 3.82311E-1 6.60016E-1 5.43418E-1 3.9677E-1 3.19417E-1 3.60905E-1 4.28737E-1 4.82298E-1 -9999 -9999 -9999 -9999 -9999 -9999 -9999 -9999 -9999 -9999
4.00689E-1 3.95657E-1 4.06993E-1 4.65155E-1 6.07402E-1 5.60701E-1 3.55884E-1 4.32199E-1 6.50233E-1 5.62262E-1 3.91357E-1 3.4747E-1 3.26164E-1 3.0599E-1 -9999 -9999 -9999 -9999 -9999 -9999 -9999 -9999 -9999 -9999
6.1784E-1 5.70772E-1 6.06518E-1 5.93931E-1 4.82863E-1 4.15704E-1 3.84451E-1 4.33931E-1 5.82345E-1 7.0032E-1 5.671E-1 4.13606E-1 4.07962E-1 4.12415E-1 -9999 -9999 -9999 -9999 -9999 -9999 -9999 -9999 -9999 -9999
6.00214E-1 5.54164E-1 5.3716E-1 5.30791E-1 4.81477E-1 4.8187E-1 5.50382E-1 6.80528E-1 5.51892E-1 4.10171E-1 5.5237E-1 6.52487E-1 6.26945E-1 5.45182E-1 -9999 -9999 -9999 -9999 -9999 -9999 -9999 -9999 -9999 -9999
5.82039E-1 5.08539E-1 4.72559E-1 4.81109E-1 5.08092E-1 5.27351E-1 5.93631E-1 6.41414E-1 5.39065E-1 4.32822E-1 4.04104E-1 3.97837E-1 5.32691E-1 6.05926E-1 -9999 -9999 -9999 -9999 -9999 -9999 -9999 -9999 -9999 -9999
5.82935E-1 5.34913E-1 4.90548E-1 5.16917E-1 5.59227E-1 5.56599E-1 5.73907E-1 5.77034E-1 5.39149E-1 5.29859E-1 5.38313E-1 4.69324E-1 5.82457E-1 7.18757E-1 -9999 -9999 -9999 -9999 -9999 -9999 -9999 -9999 -9999 -9999
5.98007E-1 5.97912E-1 5.49788E-1 5.5572E-1 5.90747E-1 6.16702E-1 6.04984E-1 6.09056E-1 6.10997E-1 6.02935E-1 6.44703E-1 6.3791E-1 6.66314E-1 4.91982E-1 -9999 -9999 -9999 -9999 -9999 -9999 -9999 -9999 -9999 -9999
8.8675E-1 8.30699E-1 7.36115E-1 5.95637E-1 5.9982E-1 6.25843E-1 6.63547E-1 6.84821E-1 6.86724E-1 6.35558E-1 6.08909E-1 6.1693E-1 5.83171E-1 4.72327E-1 -9999 -9999 -9999 -9999 -9999 -9999 -9999 -9999 -9999 -9999
9.30426E-1 9.23822E-1 8.54271E-1 7.69894E-1 5.89601E-1 5.94772E-1 6.34044E-1 6.44106E-1 6.51933E-1 6.86132E-1 6.19116E-1 6.02166E-1 6.65853E-1 8.10063E-1 -9999 -9999 -9999 -9999 -9999 -9999 -9999 -9999 -9999 -9999
-9999 -9999 -9999 -9999 -9999 -9999 -9999 -9999 -9999 -9999 -9999 -9999 -9999 -9999 -9999 -9999 -9999 -9999 -9999 -9999 -9999 -9999 -9999 -9999
-9999 -9999 -9999 -9999 -9999 -9999 -9999 -9999 -9999 -9999 -9999 -9999 -9999 -9999 -9999 -9999 -9999 -9999 -9999 -9999 -9999 -9999 -9999 -9999
-9999 -9999 -9999 -9999 -9999 -9999 -9999 -9999 -9999 -9999 -9999 -9999 -9999 -9999 -9999 -9999 -9999 -9999 -9999 -9999 -9999 -9999 -9999 -9999
