analysis/maxent/LEH/2015_1/crw.asc
ncols         24
nrows         22
xllcorner     -163.028494180372
yllcorner     19.3009582783358
cellsize      0.25
NODATA_value  -9999
-9999 -9999 -9999 -9999 -9999 -9999 -9999 -9999 -9999 -9999 -9999 -9999 -9999 -9999 -9999 -9999 -9999 -9999 -9999 -9999 -9999 -9999 -9999 -9999
-9999 -9999 -9999 -9999 -9999 -9999 -9999 -9999 -9999 -9999 -9999 -9999 -9999 -9999 -9999 -9999 -9999 -9999 -9999 -9999 -9999 -9999 -9999 -9999
-9999 -9999 -9999 -9999 -9999 1.03416E-1 1.03368E-1 1.16497E-1 1.30249E-1 1.71955E-1 1.32682E-1 1.27437E-1 1.09159E-1 9.53201E-2 8.93624E-2 1.10178E-1 8.97613E-2 1.12492E-1 8.62879E-2 8.14308E-2 7.59731E-2 6.89278E-2 -9999 -9999
-9999 -9999 -9999 -9999 -9999 9.64468E-2 7.60568E-2 9.86735E-2 1.64291E-1 1.98065E-1 1.96645E-1 1.82277E-1 1.69135E-1 1.44428E-1 8.75537E-2 8.89019E-2 8.67557E-2 8.56956E-2 7.32587E-2 6.57769E-2 6.36445E-2 6.16916E-2 6.12299E-2 -9999
-9999 -9999 -9999 -9999 -9999 7.93907E-2 7.07597E-2 8.21583E-2 1.86525E-1 2.13864E-1 2.10877E-1 2.52893E-1 2.40066E-1 2.31952E-1 1.66797E-1 1.34946E-1 1.12987E-1 1.02248E-1 7.7389E-2 6.33591E-2 6.12915E-2 5.97892E-2 5.95013E-2 -9999
-9999 -9999 -9999 -9999 -9999 5.83903E-2 7.61862E-2 8.46381E-2 2.0397E-1 2.24718E-1 2.23358E-1 2.65749E-1 2.69108E-1 2.64659E-1 2.51679E-1 1.89667E-1 1.43939E-1 9.28735E-2 6.68382E-2 6.62509E-2 6.41262E-2 6.13262E-2 5.99036E-2 -9999
-9999 -9999 -9999 -9999 -9999 4.28683E-2 7.99876E-2 1.08116E-1 1.16228E-1 1.85608E-1 2.86661E-1 2.91912E-1 3.00658E-1 2.96495E-1 2.80581E-1 2.66964E-1 2.40053E-1 1.76317E-1 9.77745E-2 9.31844E-2 7.73548E-2 6.61254E-2 6.30655E-2 -9999
-9999 -9999 -9999 -9999 -9999 5.78908E-2 8.51609E-2 9.04027E-2 1.4328E-1 2.59943E-1 3.78003E-1 4.27425E-1 3.79427E-1 2.18182E-1 1.76795E-1 1.51897E-1 1.13186E-1 1.86216E-1 2.39659E-1 1.99252E-1 1.45878E-1 1.02559E-1 8.27094E-2 -9999
-9999 -9999 -9999 -9999 -9999 9.5699E-2 9.78167E-2 7.94663E-2 1.52474E-1 2.74094E-1 5.20071E-1 6.3326E-1 3.77286E-1 4.38189E-1 3.31602E-1 1.99535E-1 1.2896E-1 1.35507E-1 2.94378E-1 2.886E-1 2.42565E-1 1.98281E-1 1.43563E-1 -9999
-9999 -9999 -9999 -9999 -9999 1.11227E-1 1.41492E-1 1.40711E-1 3.46255E-1 6.47895E-1 7.52205E-1 7.30552E-1 6.56769E-1 4.82977E-1 2.40525E-1 1.68559E-1 1.93584E-1 1.68883E-1 3.11333E-1 3.11454E-1 3.16598E-1 3.01994E-1 2.41817E-1 -9999
-9999 -9999 -9999 -9999 -9999 1.6222E-1 1.69178E-1 2.55662E-1 5.35842E-1 7.62828E-1 7.86666E-1 8.13774E-1 6.13786E-1 3.25169E-1 1.70738E-1 1.92862E-1 1.7338E-1 1.12192E-1 1.16819E-1 1.27122E-1 1.8027E-1 2.19584E-1 1.33783E-1 -9999
-9999 -9999 -9999 -9999 -9999 1.98105E-1 1.86306E-1 2.12482E-1 3.71378E-1 6.48111E-1 6.6292E-1 8.10438E-1 6.89717E-1 4.05503E-1 2.70398E-1 2.17699E-1 1.17392E-1 7.27005E-2 9.58501E-2 8.71125E-2 8.83462E-2 1.06796E-1 1.07345E-1 -9999
-9999 -9999 -9999 -9999 -9999 2.19977E-1 2.75418E-1 2.62143E-1 3.35685E-1 3.14048E-1 5.50852E-1 6.71379E-1 6.97744E-1 5.33702E-1 3.61247E-1 2.17058E-1 1.26785E-1 7.11805E-2 5.40287E-2 4.32146E-2 4.22143E-2 6.18584E-2 8.71633E-2 -9999
-9999 -9999 -9999 -9999 -9999 2.23553E-1 2.43574E-1 2.11033E-1 2.52494E-1 3.55728E-1 6.14075E-1 6.99338E-1 7.3108E-1 5.60229E-1 3.0639E-1 2.3908E-1 1.74509E-1 1.14138E-1 6.80202E-2 4.21807E-2 3.50899E-2 3.73753E-2 4.9529E-2 -9999
-9999 -9999 -9999 -9999 -9999 2.19426E-1 2.25166E-1 2.12234E-1 2.19788E-1 2.8237E-1 4.07147E-1 3.85892E-1 3.49749E-1 2.93135E-1 2.37286E-1 2.29853E-1 4.85547E-1 1.74324E-1 1.0576E-1 5.55179E-2 3.7061E-2 3.44417E-2 3.42702E-2 -9999
-9999 -9999 -9999 -9999 -9999 1.91725E-1 2.23568E-1 3.10832E-1 3.54421E-1 4.17356E-1 3.57528E-1 3.3619E-1 3.54588E-1 3.86341E-1 2.69974E-1 2.5155E-1 1.87334E-1 1.72153E-1 1.60068E-1 1.00669E-1 5.43187E-2 4.09552E-2 4.84934E-2 -9999
-9999 -9999 -9999 -9999 -9999 3.85555E-1 3.77571E-1 3.98332E-1 3.94475E-1 3.64331E-1 3.31442E-1 3.01064E-1 2.85611E-1 2.78094E-1 2.17558E-1 1.97643E-1 1.86569E-1 1.7666E-1 1.67466E-1 1.39181E-1 1.21757E-1 9.90503E-2 9.62029E-2 -9999
-9999 -9999 -9999 -9999 -9999 3.76477E-1 3.55335E-1 3.41854E-1 3.19758E-1 2.91363E-1 2.5439E-1 2.63775E-1 2.45389E-1 2.38686E-1 2.17391E-1 1.70551E-1 1.60873E-1 1.5358E-1 1.50724E-1 1.56008E-1 1.88978E-1 1.56585E-1 1.30302E-1 -9999
-9999 -9999 -9999 -9999 -9999 4.50596E-1 4.08275E-1 3.21962E-1 2.96624E-1 2.7705E-1 2.54547E-1 2.21456E-1 2.02835E-1 2.10277E-1 1.85364E-1 1.83042E-1 1.75276E-1 1.67986E-1 1.61039E-1 1.54453E-1 1.50496E-1 1.45046E-1 1.36105E-1 -9999
-9999 -9999 -9999 -9999 -9999 4.93485E-1 4.00507E-1 2.49437E-1 2.34942E-1 2.61135E-1 2.74205E-1 2.50482E-1 2.14898E-1 2.00119E-1 2.01341E-1 1.98007E-1 1.91066E-1 1.79981E-1 1.72069E-1 1.63448E-1 1.5553E-1 1.4612E-1 1.43132E-1 -9999
-9999 -9999 -9999 -9999 -9999 5.28818E-1 4.90864E-1 4.60157E-1 5.20955E-1 4.98181E-1 4.79149E-1 3.79007E-1 3.03106E-1 2.28845E-1 2.14211E-1 2.07841E-1 1.95869E-1 1.8608E-1 1.77043E-1 1.70772E-1 1.63408E-1 1.55403E-1 -9999 -9999
-9999 -9999 -9999 -9999 -9999 5.31641E-1 5.22004E-1 5.35545E-1 5.38357E-1 5.52053E-1 5.245E-1 4.80542E-1 4.02506E-1 3.17225E-1 2.24474E-1 2.08804E-1 1.93189E-1 1.84979E-1 1.77649E-1 1.72526E-1 1.68068E-1 -9999 -9999 -9999
