analysis/maxent/LEH/2015_1/crw.asc
ncols         24
nrows         22
xllcorner     -163.028494180372
yllcorner     19.3009582783358
cellsize      0.25
NODATA_value  -9999
-9999 -9999 -9999 -9999 -9999 -9999 -9999 -9999 -9999 -9999 -9999 -9999 -9999 -9999 -9999 -9999 -9999 -9999 -9999 -9999 -9999 -9999 -9999 -9999
-9999 -9999 -9999 -9999 -9999 -9999 -9999 -9999 -9999 -9999 -9999 -9999 -9999 -9999 -9999 -9999 -9999 -9999 -9999 -9999 -9999 -9999 -9999 -9999
-9999 -9999 -9999 -9999 -9999 3.70605E-1 3.75554E-1 4.64125E-1 5.46519E-1 6.52522E-1 5.72192E-1 5.69578E-1 5.24444E-1 4.85104E-1 4.58114E-1 5.25955E-1 4.38242E-1 4.94958E-1 3.8312E-1 3.60977E-1 3.59681E-1 3.57244E-1 -9999 -9999
-9999 -9999 -9999 -9999 -9999 3.35755E-1 3.00348E-1 3.97606E-1 5.89018E-1 6.42258E-1 6.50724E-1 6.57861E-1 6.48168E-1 5.99316E-1 4.22734E-1 4.40773E-1 4.39925E-1 4.20121E-1 3.67351E-1 3.38146E-1 3.34007E-1 3.3419E-1 3.37103E-1 -9999
-9999 -9999 -9999 -9999 -9999 2.83978E-1 2.76877E-1 3.04124E-1 5.93213E-1 6.16055E-1 6.25488E-1 7.22236E-1 7.29942E-1 7.35072E-1 6.28319E-1 5.53111E-1 4.99649E-1 4.70035E-1 3.74679E-1 3.20129E-1 3.21101E-1 3.24045E-1 3.26772E-1 -9999
-9999 -9999 -9999 -9999 -9999 2.14359E-1 2.55792E-1 2.81934E-1 5.86331E-1 5.82582E-1 5.88469E-1 6.9406E-1 6.96077E-1 7.0091E-1 7.11653E-1 6.34492E-1 5.49859E-1 4.07974E-1 3.0527E-1 3.07998E-1 3.09067E-1 3.10891E-1 3.14496E-1 -9999
-9999 -9999 -9999 -9999 -9999 1.26094E-1 2.37698E-1 3.13932E-1 3.39756E-1 4.92439E-1 6.59914E-1 6.57091E-1 6.51442E-1 6.66481E-1 6.88846E-1 6.97269E-1 7.08591E-1 6.21798E-1 3.87191E-1 3.90229E-1 3.31282E-1 3.0197E-1 3.01627E-1 -9999
-9999 -9999 -9999 -9999 -9999 1.49536E-1 2.21076E-1 2.36308E-1 3.40602E-1 5.27724E-1 6.83648E-1 7.21581E-1 7.41464E-1 5.2027E-1 4.53644E-1 4.27044E-1 3.54038E-1 5.93823E-1 6.93553E-1 6.04251E-1 4.95901E-1 4.01979E-1 3.65999E-1 -9999
-9999 -9999 -9999 -9999 -9999 2.16194E-1 2.19017E-1 1.69565E-1 3.0627E-1 5.00721E-1 8.13538E-1 8.96354E-1 6.62094E-1 7.20975E-1 6.37431E-1 4.66601E-1 3.5085E-1 4.02988E-1 6.66479E-1 6.99027E-1 6.71039E-1 6.04149E-1 5.13415E-1 -9999
-9999 -9999 -9999 -9999 -9999 2.15708E-1 2.85885E-1 2.85879E-1 5.51755E-1 7.99244E-1 8.88389E-1 8.87103E-1 8.45888E-1 6.98942E-1 4.54563E-1 3.70917E-1 4.30211E-1 4.34694E-1 6.17366E-1 6.60899E-1 6.55971E-1 6.7915E-1 6.60842E-1 -9999
-9999 -9999 -9999 -9999 -9999 3.09178E-1 3.08344E-1 4.08025E-1 6.99191E-1 8.71914E-1 9.07612E-1 9.17558E-1 7.87762E-1 4.57891E-1 2.76311E-1 3.6183E-1 3.62021E-1 2.84654E-1 3.1096E-1 3.5105E-1 4.83063E-1 5.87797E-1 3.9169E-1 -9999
-9999 -9999 -9999 -9999 -9999 3.2057E-1 2.98063E-1 3.18211E-1 5.04744E-1 7.32779E-1 7.64467E-1 8.88481E-1 8.10046E-1 5.11613E-1 3.49651E-1 3.63989E-1 2.29277E-1 1.61941E-1 2.29567E-1 2.34949E-1 2.7688E-1 3.29778E-1 3.28156E-1 -9999
-9999 -9999 -9999 -9999 -9999 3.12467E-1 3.58934E-1 3.40452E-1 4.24685E-1 3.84785E-1 5.9233E-1 7.51343E-1 7.82067E-1 6.19072E-1 4.89786E-1 3.53251E-1 2.29397E-1 1.41452E-1 1.1956E-1 1.0172E-1 1.14838E-1 1.77409E-1 2.49827E-1 -9999
-9999 -9999 -9999 -9999 -9999 2.84873E-1 2.96648E-1 2.62083E-1 3.07787E-1 4.23822E-1 6.51949E-1 7.16603E-1 7.56199E-1 6.40914E-1 4.21481E-1 3.53226E-1 2.78239E-1 2.05891E-1 1.26883E-1 8.30148E-2 7.30275E-2 8.96688E-2 1.22976E-1 -9999
-9999 -9999 -9999 -9999 -9999 2.61357E-1 2.72778E-1 2.63851E-1 2.50704E-1 3.21159E-1 4.46896E-1 4.3931E-1 4.14627E-1 3.63599E-1 3.16441E-1 3.12847E-1 6.23786E-1 2.6874E-1 1.86704E-1 9.65374E-2 6.24101E-2 5.95938E-2 6.31482E-2 -9999
-9999 -9999 -9999 -9999 -9999 2.03689E-1 2.41815E-1 3.46901E-1 4.063E-1 4.6187E-1 3.92513E-1 3.81374E-1 4.09894E-1 4.46951E-1 3.32074E-1 3.35522E-1 2.56128E-1 2.57264E-1 2.54872E-1 1.68822E-1 8.77956E-2 6.32491E-2 8.06403E-2 -9999
-9999 -9999 -9999 -9999 -9999 3.78483E-1 3.75794E-1 4.32351E-1 4.11418E-1 3.85853E-1 3.60141E-1 3.3639E-1 3.17862E-1 3.01492E-1 2.6407E-1 2.45715E-1 2.44333E-1 2.42557E-1 2.48994E-1 2.04013E-1 1.92036E-1 1.58394E-1 1.58588E-1 -9999
-9999 -9999 -9999 -9999 -9999 3.47465E-1 3.23938E-1 3.09355E-1 2.94405E-1 2.80157E-1 2.51049E-1 2.74667E-1 2.61846E-1 2.56084E-1 2.40183E-1 1.90353E-1 1.89515E-1 1.89908E-1 1.94072E-1 2.12316E-1 2.65171E-1 2.31046E-1 2.05087E-1 -9999
-9999 -9999 -9999 -9999 -9999 3.97685E-1 3.43754E-1 2.46249E-1 2.28184E-1 2.35491E-1 2.32509E-1 2.10399E-1 2.02068E-1 2.22118E-1 1.78507E-1 1.7934E-1 1.84849E-1 1.90242E-1 1.92171E-1 1.94041E-1 1.97911E-1 2.00677E-1 2.0079E-1 -9999
-9999 -9999 -9999 -9999 -9999 3.76199E-1 3.08738E-1 1.64525E-1 1.51897E-1 1.90934E-1 2.23207E-1 2.13335E-1 1.84246E-1 1.67618E-1 1.58959E-1 1.59704E-1 1.70736E-1 1.78786E-1 1.87276E-1 1.9033E-1 1.91587E-1 1.91389E-1 1.96533E-1 -9999
-9999 -9999 -9999 -9999 -9999 2.81602E-1 3.57487E-1 3.09062E-1 3.36814E-1 3.48782E-1 3.58786E-1 2.83773E-1 2.14343E-1 1.52304E-1 1.42309E-1 1.49075E-1 1.60113E-1 1.71795E-1 1.7935E-1 1.85958E-1 1.88218E-1 1.89576E-1 -9999 -9999
-9999 -9999 -9999 -9999 -9999 2.31667E-1 2.05059E-1 2.15013E-1 2.11634E-1 2.66223E-1 3.39529E-1 3.38105E-1 2.66791E-1 2.01529E-1 1.4793E-1 1.52738E-1 1.65194E-1 1.73324E-1 1.78724E-1 1.82338E-1 1.86159E-1 -9999 -9999 -9999
