analysis/maxent/LEH/2015_1/d2c.asc
ncols         24
nrows         22
xllcorner     -163.028494180372
yllcorner     19.3009582783358
cellsize      0.25
NODATA_value  -9999
-9999 -9999 -9999 -9999 -9999 6.17453E-2 6.45099E-2 3.86817E-2 3.82575E-2 7.26416E-2 6.98148E-2 5.32134E-2 5.48161E-2 5.72292E-2 6.34366E-2 7.37845E-2 6.56344E-2 7.08645E-2 5.44912E-2 4.6727E-2 4.10465E-2 2.9491E-2 3.14153E-2 3.13258E-2
-9999 -9999 -9999 -9999 -9999 3.37865E-2 3.50323E-2 4.46698E-2 2.8335E-2 4.29993E-2 4.41593E-2 4.14808E-2 3.88998E-2 4.34641E-2 3.91127E-2 4.01528E-2 4.38082E-2 5.54097E-2 4.79443E-2 3.88023E-2 3.07394E-2 2.62676E-2 2.50978E-2 2.58052E-2
-9999 -9999 -9999 -9999 -9999 3.1495E-2 3.3646E-2 3.77129E-2 4.1524E-2 5.36675E-2 5.28662E-2 5.37105E-2 4.5553E-2 3.64632E-2 2.97578E-2 3.57899E-2 2.96082E-2 3.65393E-2 2.81345E-2 2.5261E-2 2.31073E-2 2.15434E-2 2.05426E-2 2.13935E-2
-9999 -9999 -9999 -9999 -9999 2.93467E-2 2.52098E-2 4.52146E-2 8.9126E-2 1.09657E-1 1.19604E-1 1.2132E-1 1.14338E-1 9.48676E-2 5.39005E-2 4.5883E-2 3.30063E-2 2.85291E-2 2.42952E-2 2.21509E-2 1.99176E-2 1.8746E-2 1.84633E-2 1.73616E-2
-9999 -9999 -9999 -9999 -9999 2.51868E-2 3.68548E-2 6.04683E-2 1.52621E-1 1.69343E-1 1.79649E-1 1.79694E-1 1.727E-1 1.60638E-1 1.42975E-1 1.04252E-1 7.05889E-2 4.85028E-2 2.59817E-2 2.13508E-2 1.97946E-2 1.87706E-2 1.83762E-2 1.8618E-2
-9999 -9999 -9999 -9999 -9999 2.26778E-2 5.22686E-2 8.65059E-2 2.10313E-1 2.27087E-1 2.39741E-1 2.42864E-1 2.32994E-1 2.18347E-1 1.9978E-1 1.74821E-1 1.25161E-1 6.53586E-2 3.26808E-2 2.09167E-2 2.09797E-2 1.95132E-2 1.8695E-2 1.85053E-2
-9999 -9999 -9999 -9999 -9999 2.33397E-2 6.0277E-2 1.02968E-1 1.35668E-1 2.26476E-1 3.15525E-1 3.22173E-1 3.12205E-1 2.93488E-1 2.65549E-1 2.29967E-1 1.90259E-1 1.25961E-1 5.48556E-2 3.75718E-2 2.51686E-2 2.13891E-2 1.99413E-2 1.93178E-2
-9999 -9999 -9999 -9999 -9999 3.72179E-2 7.5648E-2 7.00991E-2 9.21593E-2 1.77624E-1 4.23073E-1 4.54561E-1 4.48866E-1 2.42595E-1 1.82149E-1 1.67616E-1 1.21798E-1 1.5943E-1 1.5728E-1 9.30707E-2 4.14561E-2 2.6975E-2 2.25878E-2 2.1031E-2
-9999 -9999 -9999 -9999 -9999 8.46507E-2 1.09806E-1 6.98519E-2 9.0326E-2 2.88628E-1 7.35967E-1 7.96222E-1 4.95277E-1 3.03615E-1 1.62158E-1 1.23201E-1 1.11758E-1 1.36248E-1 1.80487E-1 1.44163E-1 8.7516E-2 4.95571E-2 3.70109E-2 2.5633E-2
-9999 -9999 -9999 -9999 -9999 1.3724E-1 1.73621E-1 1.95781E-1 2.91856E-1 5.39989E-1 7.40995E-1 8.01699E-1 6.76186E-1 3.41956E-1 1.82622E-1 1.22606E-1 1.29456E-1 1.78817E-1 2.04575E-1 1.6028E-1 1.01809E-1 6.02275E-2 5.80284E-2 3.04054E-2
-9999 -9999 -9999 -9999 -9999 1.88005E-1 2.33218E-1 2.80715E-1 4.60661E-1 6.9053E-1 8.10912E-1 7.8565E-1 6.06122E-1 2.83557E-1 1.36874E-1 1.15941E-1 1.26163E-1 1.07381E-1 1.1065E-1 8.82452E-2 8.00642E-2 5.49527E-2 3.39099E-2 2.1286E-2
-9999 -9999 -9999 -9999 -9999 2.22605E-1 2.58656E-1 2.98089E-1 4.79918E-1 5.70247E-1 7.02385E-1 7.91953E-1 6.50657E-1 3.53573E-1 1.82827E-1 1.34524E-1 9.36591E-2 5.29129E-2 4.91791E-2 3.70797E-2 2.50904E-2 1.95197E-2 2.17209E-2 2.19729E-2
-9999 -9999 -9999 -9999 -9999 2.36332E-1 2.76658E-1 3.08883E-1 4.12947E-1 3.89428E-1 5.64765E-1 6.4952E-1 6.46654E-1 4.28745E-1 2.47339E-1 1.77259E-1 1.1983E-1 5.2575E-2 3.23033E-2 1.98924E-2 1.2483E-2 9.92374E-3 1.36754E-2 2.0868E-2
-9999 -9999 -9999 -9999 -9999 2.21155E-1 2.7009E-1 2.9602E-1 3.16707E-1 3.90262E-1 5.74409E-1 6.88135E-1 6.21441E-1 4.05711E-1 2.40859E-1 2.23975E-1 2.0526E-1 7.69908E-2 3.6592E-2 1.79513E-2 9.86207E-3 7.30853E-3 8.41641E-3 1.01023E-2
-9999 -9999 -9999 -9999 -9999 1.9607E-1 2.46994E-1 2.78877E-1 3.05513E-1 3.73909E-1 4.57256E-1 5.27294E-1 4.58691E-1 3.22711E-1 2.34779E-1 2.36608E-1 3.26817E-1 1.15597E-1 4.89137E-2 2.29994E-2 9.90456E-3 7.76228E-3 7.37278E-3 7.02603E-3
-9999 -9999 -9999 -9999 -9999 1.7982E-1 2.56902E-1 3.362E-1 4.21128E-1 5.216E-1 4.71674E-1 4.77787E-1 4.72994E-1 4.21862E-1 3.28433E-1 2.88122E-1 1.86248E-1 1.24885E-1 7.79456E-2 3.31699E-2 1.17181E-2 9.36493E-3 1.077E-2 9.28405E-3
-9999 -9999 -9999 -9999 -9999 2.70223E-1 3.37174E-1 3.67846E-1 3.90032E-1 3.96852E-1 3.85954E-1 3.64457E-1 3.41829E-1 3.0836E-1 2.37724E-1 1.83579E-1 1.35929E-1 9.51614E-2 7.59243E-2 4.64856E-2 2.80038E-2 2.0655E-2 2.04773E-2 1.27157E-2
-9999 -9999 -9999 -9999 -9999 1.90141E-1 2.39808E-1 2.91952E-1 3.11364E-1 3.12969E-1 2.93384E-1 2.6134E-1 2.37601E-1 2.19782E-1 1.89638E-1 1.51564E-1 1.09256E-1 7.78251E-2 5.38233E-2 5.33599E-2 6.54731E-2 5.41179E-2 3.18494E-2 1.46778E-2
-9999 -9999 -9999 -9999 -9999 1.55646E-1 1.80966E-1 1.90622E-1 2.12265E-1 2.26618E-1 2.25026E-1 2.02656E-1 1.76849E-1 1.61528E-1 1.39726E-1 1.12938E-1 8.31679E-2 5.47292E-2 5.2492E-2 4.89092E-2 4.87048E-2 4.54503E-2 3.68667E-2 2.94326E-2
-9999 -9999 -9999 -9999 -9999 1.60843E-1 1.4628E-1 9.15042E-2 1.0106E-1 1.3786E-1 1.56007E-1 1.48317E-1 1.24371E-1 1.09869E-1 9.08976E-2 6.81821E-2 6.46193E-2 5.86162E-2 5.51581E-2 5.07019E-2 4.72249E-2 4.06843E-2 4.24044E-2 4.71378E-2
-9999 -9999 -9999 -9999 -9999 1.60334E-1 1.7629E-1 1.72027E-1 1.82287E-1 1.79114E-1 1.73672E-1 1.38775E-1 1.11377E-1 8.3778E-2 7.5586E-2 7.21997E-2 6.31363E-2 6.00052E-2 5.58305E-2 5.40676E-2 5.08201E-2 4.68069E-2 4.90151E-2 5.06098E-2
-9999 -9999 -9999 -9999 -9999 1.62854E-1 1.59829E-1 1.65957E-1 1.67578E-1 1.725E-1 1.78528E-1 1.77445E-1 1.49617E-1 1.17805E-1 8.26875E-2 7.53479E-2 6.26682E-2 6.09634E-2 5.66758E-2 5.40895E-2 5.2967E-2 5.0235E-2 4.25581E-2 3.09787E-2
