analysis/maxent/LEH/2015_1/d2c.asc
ncols         24
nrows         22
xllcorner     -163.028494180372
yllcorner     19.3009582783358
cellsize      0.25
NODATA_value  -9999
-9999 -9999 -9999 -9999 -9999 2.76899E-1 3.39499E-1 2.7893E-1 2.98521E-1 5.25025E-1 5.33846E-1 4.39887E-1 4.32737E-1 4.31996E-1 4.75251E-1 5.67583E-1 5.79613E-1 6.43228E-1 5.45809E-1 4.58281E-1 3.90041E-1 2.66926E-1 2.86179E-1 3.09836E-1
-9999 -9999 -9999 -9999 -9999 2.39471E-1 2.40869E-1 2.84906E-1 1.83699E-1 2.78683E-1 2.92502E-1 2.84434E-1 2.77415E-1 3.13487E-1 2.9092E-1 2.97616E-1 3.24831E-1 4.47046E-1 4.28947E-1 3.62081E-1 2.67526E-1 2.14799E-1 2.14646E-1 2.17839E-1
-9999 -9999 -9999 -9999 -9999 2.10369E-1 1.98918E-1 2.28271E-1 2.54881E-1 2.92201E-1 2.99849E-1 3.13854E-1 2.87534E-1 2.50371E-1 2.15236E-1 2.55766E-1 2.22007E-1 2.67403E-1 2.09929E-1 1.87285E-1 1.77467E-1 1.72703E-1 1.69593E-1 1.77407E-1
-9999 -9999 -9999 -9999 -9999 1.71013E-1 1.38603E-1 2.21358E-1 3.89871E-1 4.39483E-1 4.87561E-1 5.46541E-1 5.61821E-1 4.98144E-1 3.21523E-1 2.81002E-1 2.24318E-1 2.01167E-1 1.77669E-1 1.63377E-1 1.4682E-1 1.40617E-1 1.40897E-1 1.35512E-1
-9999 -9999 -9999 -9999 -9999 1.18945E-1 1.72065E-1 2.66698E-1 5.75135E-1 5.66818E-1 6.02243E-1 6.21871E-1 6.44746E-1 6.43017E-1 6.40768E-1 5.32625E-1 3.96542E-1 2.86437E-1 1.75015E-1 1.44583E-1 1.35633E-1 1.32062E-1 1.31887E-1 1.35301E-1
-9999 -9999 -9999 -9999 -9999 9.87557E-2 2.10867E-1 3.27979E-1 6.53907E-1 6.28233E-1 6.58647E-1 6.91016E-1 6.70466E-1 6.56449E-1 6.60775E-1 6.62751E-1 5.82697E-1 3.75507E-1 1.8708E-1 1.31007E-1 1.32878E-1 1.26479E-1 1.24563E-1 1.25524E-1
-9999 -9999 -9999 -9999 -9999 8.30874E-2 1.9386E-1 3.17397E-1 4.23731E-1 6.3714E-1 7.30198E-1 7.34254E-1 7.02621E-1 6.966E-1 6.97895E-1 6.70197E-1 6.67473E-1 5.86599E-1 3.00679E-1 1.98905E-1 1.49138E-1 1.28981E-1 1.22095E-1 1.21471E-1
-9999 -9999 -9999 -9999 -9999 1.07729E-1 2.01437E-1 2.0003E-1 2.6329E-1 4.59074E-1 7.76568E-1 7.77666E-1 8.39758E-1 6.24761E-1 5.27963E-1 5.32599E-1 4.4813E-1 6.23894E-1 6.54007E-1 4.23351E-1 2.14048E-1 1.5164E-1 1.30523E-1 1.23806E-1
-9999 -9999 -9999 -9999 -9999 1.94847E-1 2.44727E-1 1.66546E-1 2.171E-1 5.11178E-1 9.40591E-1 9.66131E-1 7.82413E-1 5.68262E-1 3.98491E-1 3.50762E-1 3.57909E-1 5.02456E-1 6.02382E-1 5.63557E-1 3.65935E-1 2.43413E-1 1.9442E-1 1.41996E-1
-9999 -9999 -9999 -9999 -9999 2.68447E-1 3.40062E-1 3.77135E-1 4.67403E-1 7.33995E-1 8.96514E-1 9.37762E-1 8.69295E-1 5.74109E-1 3.57544E-1 3.06463E-1 3.50153E-1 5.4566E-1 5.57482E-1 5.38202E-1 3.32433E-1 2.33538E-1 2.69458E-1 1.54142E-1
-9999 -9999 -9999 -9999 -9999 3.37155E-1 4.11557E-1 4.75107E-1 6.19144E-1 8.23298E-1 9.12887E-1 9.01316E-1 7.7413E-1 4.8764E-1 2.82788E-1 2.44938E-1 2.96792E-1 3.05524E-1 3.60531E-1 3.46031E-1 3.153E-1 2.25417E-1 1.48168E-1 9.38562E-2
-9999 -9999 -9999 -9999 -9999 3.57104E-1 4.10441E-1 4.55252E-1 5.93691E-1 6.81126E-1 7.90673E-1 8.65514E-1 7.73853E-1 4.94851E-1 2.89505E-1 2.41878E-1 2.05277E-1 1.41097E-1 1.54901E-1 1.41555E-1 1.04949E-1 8.03949E-2 8.5234E-2 8.68934E-2
-9999 -9999 -9999 -9999 -9999 3.44106E-1 4.0118E-1 4.2932E-1 4.83526E-1 4.51101E-1 6.17884E-1 7.05455E-1 7.20371E-1 5.20598E-1 3.40323E-1 2.996E-1 2.27847E-1 1.15071E-1 8.59352E-2 6.66518E-2 4.30966E-2 3.46989E-2 4.85067E-2 7.19399E-2
-9999 -9999 -9999 -9999 -9999 2.92809E-1 3.58252E-1 3.82904E-1 3.89108E-1 4.17969E-1 5.87979E-1 7.06244E-1 6.57676E-1 4.6604E-1 3.14468E-1 3.46568E-1 3.38389E-1 1.45158E-1 7.43406E-2 4.55044E-2 2.61973E-2 2.00249E-2 2.32118E-2 2.94621E-2
-9999 -9999 -9999 -9999 -9999 2.35755E-1 3.00186E-1 3.39156E-1 3.61286E-1 4.40492E-1 4.84962E-1 5.56314E-1 4.98211E-1 3.96595E-1 3.2059E-1 3.38653E-1 4.88173E-1 1.86741E-1 8.96961E-2 4.09514E-2 1.8619E-2 1.59272E-2 1.60793E-2 1.61193E-2
-9999 -9999 -9999 -9999 -9999 1.96068E-1 2.86554E-1 3.77678E-1 4.75965E-1 5.82918E-1 5.3452E-1 5.4975E-1 5.572E-1 5.16913E-1 4.26116E-1 3.89833E-1 2.6151E-1 1.83308E-1 1.18971E-1 4.93792E-2 1.88488E-2 1.66922E-2 1.9161E-2 1.80999E-2
-9999 -9999 -9999 -9999 -9999 2.49569E-1 3.35981E-1 3.7382E-1 4.07124E-1 4.21185E-1 4.17602E-1 4.04822E-1 3.89893E-1 3.62621E-1 2.87754E-1 2.253E-1 1.73795E-1 1.25953E-1 9.48341E-2 6.08629E-2 3.9E-2 3.16019E-2 3.2638E-2 2.08668E-2
-9999 -9999 -9999 -9999 -9999 1.46611E-1 1.99862E-1 2.61952E-1 2.83662E-1 2.98854E-1 2.96916E-1 2.73482E-1 2.55439E-1 2.37923E-1 2.04948E-1 1.69805E-1 1.25916E-1 8.44759E-2 6.10298E-2 6.61477E-2 8.56534E-2 7.42475E-2 4.49263E-2 2.24415E-2
-9999 -9999 -9999 -9999 -9999 1.17171E-1 1.24654E-1 1.24663E-1 1.50583E-1 1.8757E-1 2.07351E-1 1.96007E-1 1.73087E-1 1.55753E-1 1.25484E-1 9.72354E-2 7.21928E-2 5.53162E-2 5.64792E-2 5.4837E-2 5.70418E-2 5.57744E-2 4.78639E-2 4.1114E-2
-9999 -9999 -9999 -9999 -9999 9.75771E-2 9.24697E-2 5.16772E-2 5.45541E-2 8.2799E-2 1.07709E-1 1.09011E-1 9.14056E-2 7.55543E-2 5.85131E-2 4.6191E-2 4.84794E-2 4.93041E-2 5.16721E-2 5.32781E-2 5.18843E-2 4.65878E-2 5.13867E-2 6.12014E-2
-9999 -9999 -9999 -9999 -9999 6.30878E-2 1.0314E-1 9.33554E-2 9.16548E-2 1.00763E-1 1.06816E-1 8.61953E-2 6.6874E-2 4.75559E-2 4.23902E-2 4.36133E-2 4.29437E-2 4.64554E-2 4.80518E-2 5.1364E-2 5.26431E-2 5.06145E-2 5.57563E-2 6.08594E-2
-9999 -9999 -9999 -9999 -9999 5.1231E-2 4.50747E-2 4.81183E-2 4.77161E-2 6.13505E-2 8.94162E-2 1.02576E-1 8.22529E-2 6.38069E-2 4.63639E-2 4.6568E-2 4.4554E-2 4.82788E-2 4.89237E-2 4.97998E-2 5.23863E-2 5.24783E-2 4.68352E-2 3.68193E-2
