analysis/maxent/LEH/2015_1/d2c_clamping.asc
ncols         24
nrows         22
xllcorner     -163.028494180372
yllcorner     19.3009582783358
cellsize      0.25
NODATA_value  -9999
-9999 -9999 -9999 -9999 -9999 2.42535E-1 2.80842E-1 2.19354E-1 2.20014E-1 3.43799E-1 3.31641E-1 2.76291E-1 2.74855E-1 2.84701E-1 3.27508E-1 4.08227E-1 4.42761E-1 5.04991E-1 4.65073E-1 4.17404E-1 3.69828E-1 2.58754E-1 2.80668E-1 3.06126E-1
-9999 -9999 -9999 -9999 -9999 1.84803E-1 1.66013E-1 1.6827E-1 9.4591E-2 1.16705E-1 1.04956E-1 9.51279E-2 9.59994E-2 1.20652E-1 1.34069E-1 1.63155E-1 2.06945E-1 3.15788E-1 3.38823E-1 3.11903E-1 2.44559E-1 2.03539E-1 2.07794E-1 2.13711E-1
-9999 -9999 -9999 -9999 -9999 1.24671E-1 8.76081E-2 6.0151E-2 2.25624E-2 0E0 0E0 0E0 0E0 0E0 4.51729E-3 4.73952E-2 8.09199E-2 1.39221E-1 1.40351E-1 1.45969E-1 1.52405E-1 1.57658E-1 1.60778E-1 1.72026E-1
-9999 -9999 -9999 -9999 -9999 5.16887E-2 3.38277E-3 0E0 0E0 0E0 0E0 0E0 0E0 0E0 0E0 0E0 0E0 3.75246E-2 7.76495E-2 1.02933E-1 1.12783E-1 1.20899E-1 1.29306E-1 1.29183E-1
-9999 -9999 -9999 -9999 -9999 0E0 0E0 0E0 0E0 0E0 0E0 0E0 0E0 0E0 0E0 0E0 0E0 0E0 1.37603E-2 5.83094E-2 8.56451E-2 1.03133E-1 1.15259E-1 1.25745E-1
-9999 -9999 -9999 -9999 -9999 0E0 0E0 0E0 0E0 0E0 0E0 0E0 0E0 0E0 0E0 0E0 0E0 0E0 0E0 1.08283E-2 5.85642E-2 8.51905E-2 1.016E-1 1.12805E-1
-9999 -9999 -9999 -9999 -9999 0E0 0E0 0E0 0E0 0E0 0E0 0E0 0E0 0E0 0E0 0E0 0E0 0E0 0E0 0E0 2.9398E-2 6.94151E-2 9.08058E-2 1.04644E-1
-9999 -9999 -9999 -9999 -9999 0E0 0E0 0E0 0E0 0E0 0E0 0E0 0E0 0E0 0E0 0E0 0E0 0E0 0E0 0E0 0E0 5.80609E-2 8.64689E-2 1.0157E-1
-9999 -9999 -9999 -9999 -9999 0E0 0E0 0E0 0E0 0E0 0E0 0E0 0E0 0E0 0E0 0E0 0E0 0E0 0E0 0E0 0E0 5.42156E-2 1.11723E-1 1.10634E-1
-9999 -9999 -9999 -9999 -9999 0E0 0E0 0E0 0E0 0E0 0E0 0E0 0E0 0E0 0E0 0E0 0E0 0E0 0E0 0E0 0E0 2.42899E-2 1.34148E-1 1.14946E-1
-9999 -9999 -9999 -9999 -9999 0E0 0E0 0E0 0E0 0E0 0E0 0E0 0E0 0E0 0E0 0E0 0E0 0E0 0E0 0E0 0E0 7.62625E-3 7.09589E-2 6.88736E-2
-9999 -9999 -9999 -9999 -9999 0E0 0E0 0E0 0E0 0E0 0E0 0E0 0E0 0E0 0E0 0E0 0E0 0E0 0E0 0E0 0E0 2.21279E-3 4.12493E-2 6.3685E-2
-9999 -9999 -9999 -9999 -9999 0E0 0E0 0E0 0E0 0E0 0E0 0E0 0E0 0E0 0E0 0E0 0E0 0E0 0E0 0E0 0E0 3.11963E-3 2.52391E-2 5.39646E-2
-9999 -9999 -9999 -9999 -9999 0E0 0E0 0E0 0E0 0E0 0E0 0E0 0E0 0E0 0E0 0E0 0E0 0E0 0E0 0E0 0E0 4.21244E-3 1.35581E-2 2.31121E-2
-9999 -9999 -9999 -9999 -9999 0E0 0E0 0E0 0E0 0E0 0E0 0E0 0E0 0E0 0E0 0E0 0E0 0E0 0E0 0E0 0E0 5.77936E-3 1.06434E-2 1.32862E-2
-9999 -9999 -9999 -9999 -9999 0E0 0E0 0E0 0E0 0E0 0E0 0E0 0E0 0E0 0E0 0E0 0E0 0E0 0E0 0E0 2.4359E-3 8.66912E-3 1.41989E-2 1.56368E-2
-9999 -9999 -9999 -9999 -9999 0E0 0E0 0E0 0E0 0E0 0E0 0E0 0E0 0E0 0E0 0E0 0E0 0E0 0E0 0E0 1.5236E-2 2.07495E-2 2.64918E-2 1.87842E-2
-9999 -9999 -9999 -9999 -9999 0E0 0E0 0E0 0E0 0E0 0E0 0E0 0E0 0E0 0E0 0E0 0E0 0E0 0E0 2.14464E-2 5.06991E-2 5.67746E-2 3.90923E-2 2.08801E-2
-9999 -9999 -9999 -9999 -9999 1.99908E-2 0E0 0E0 0E0 0E0 0E0 0E0 0E0 0E0 0E0 0E0 0E0 1.39287E-3 1.97575E-2 3.21385E-2 4.25902E-2 4.74461E-2 4.38032E-2 3.91893E-2
-9999 -9999 -9999 -9999 -9999 5.13732E-2 3.02454E-2 4.856E-3 0E0 0E0 0E0 0E0 0E0 0E0 0E0 0E0 1.13467E-2 2.23161E-2 3.2433E-2 4.03804E-2 4.4051E-2 4.23678E-2 4.86715E-2 5.93658E-2
-9999 -9999 -9999 -9999 -9999 4.69456E-2 6.56472E-2 4.83833E-2 3.61123E-2 2.82427E-2 2.10652E-2 1.39246E-2 1.19298E-2 1.16868E-2 1.48159E-2 2.05647E-2 2.55384E-2 3.27389E-2 3.82142E-2 4.43852E-2 4.80895E-2 4.79333E-2 5.40016E-2 5.97574E-2
-9999 -9999 -9999 -9999 -9999 4.43657E-2 3.67549E-2 3.6447E-2 3.33098E-2 3.94614E-2 5.37244E-2 5.96557E-2 4.86581E-2 3.98522E-2 3.12901E-2 3.41113E-2 3.52769E-2 4.08239E-2 4.35915E-2 4.61368E-2 4.98873E-2 5.09172E-2 4.59999E-2 3.64399E-2
