analysis/maxent/LEH/2015_1/d2c_clamping.asc
ncols         24
nrows         22
xllcorner     -163.028494180372
yllcorner     19.3009582783358
cellsize      0.25
NODATA_value  -9999
-9999 -9999 -9999 -9999 -9999 5.9035E-2 6.04703E-2 3.55523E-2 3.45994E-2 6.47591E-2 6.17137E-2 4.68386E-2 4.80045E-2 5.03855E-2 5.70708E-2 6.84153E-2 6.23713E-2 6.84257E-2 5.32817E-2 4.60922E-2 4.06934E-2 2.93346E-2 3.13267E-2 3.12868E-2
-9999 -9999 -9999 -9999 -9999 3.07268E-2 3.00867E-2 3.54389E-2 2.05613E-2 2.80806E-2 2.64066E-2 2.38287E-2 2.23678E-2 2.64778E-2 2.66039E-2 3.09005E-2 3.72662E-2 5.04552E-2 4.5402E-2 3.75403E-2 3.00982E-2 2.59259E-2 2.49177E-2 2.57206E-2
-9999 -9999 -9999 -9999 -9999 2.52058E-2 2.17815E-2 1.59433E-2 5.95494E-3 0E0 0E0 0E0 0E0 2.15956E-4 2.28745E-3 1.1505E-2 1.62939E-2 2.65541E-2 2.36614E-2 2.29311E-2 2.18408E-2 2.08535E-2 2.01892E-2 2.1224E-2
-9999 -9999 -9999 -9999 -9999 1.57658E-2 3.20854E-3 0E0 0E0 0E0 0E0 0E0 0E0 0E0 0E0 0E0 5.69948E-4 8.77196E-3 1.43131E-2 1.69063E-2 1.72328E-2 1.73736E-2 1.77801E-2 1.70653E-2
-9999 -9999 -9999 -9999 -9999 2.41942E-3 0E0 0E0 0E0 0E0 0E0 0E0 0E0 0E0 0E0 0E0 0E0 9.48972E-4 4.11975E-3 1.09304E-2 1.43518E-2 1.60425E-2 1.70609E-2 1.80083E-2
-9999 -9999 -9999 -9999 -9999 0E0 0E0 0E0 0E0 0E0 0E0 0E0 0E0 0E0 0E0 0E0 0E0 0E0 2.31605E-3 3.63576E-3 1.12512E-2 1.4684E-2 1.64028E-2 1.74768E-2
-9999 -9999 -9999 -9999 -9999 0E0 0E0 0E0 0E0 0E0 0E0 0E0 0E0 0E0 0E0 0E0 0E0 0E0 4.63094E-3 4.70259E-3 7.88816E-3 1.3531E-2 1.62587E-2 1.77023E-2
-9999 -9999 -9999 -9999 -9999 0E0 0E0 0E0 0E0 0E0 0E0 0E0 0E0 0E0 0E0 0E0 0E0 0E0 1.11806E-2 1.24805E-2 4.86388E-3 1.32727E-2 1.6856E-2 1.8605E-2
-9999 -9999 -9999 -9999 -9999 0E0 0E0 0E0 0E0 0E0 0E0 0E0 0E0 0E0 0E0 0E0 0E0 0E0 3.23409E-3 1.3172E-2 8.05458E-3 1.6129E-2 2.47878E-2 2.18079E-2
-9999 -9999 -9999 -9999 -9999 0E0 0E0 0E0 0E0 0E0 0E0 0E0 0E0 0E0 0E0 0E0 0E0 0E0 0E0 4.08588E-3 3.94356E-3 9.48526E-3 3.46427E-2 2.49321E-2
-9999 -9999 -9999 -9999 -9999 0E0 0E0 0E0 0E0 0E0 0E0 0E0 0E0 0E0 0E0 0E0 0E0 0E0 0E0 0E0 6.64156E-4 2.92399E-3 1.89241E-2 1.71178E-2
-9999 -9999 -9999 -9999 -9999 0E0 0E0 0E0 0E0 0E0 0E0 0E0 0E0 0E0 0E0 0E0 0E0 0E0 0E0 0E0 1.38802E-5 6.87856E-4 1.20702E-2 1.76433E-2
-9999 -9999 -9999 -9999 -9999 0E0 0E0 0E0 0E0 0E0 0E0 0E0 0E0 0E0 0E0 0E0 0E0 0E0 0E0 0E0 0E0 1.06454E-3 8.05496E-3 1.70525E-2
-9999 -9999 -9999 -9999 -9999 0E0 0E0 0E0 0E0 0E0 0E0 0E0 0E0 0E0 0E0 0E0 0E0 0E0 0E0 0E0 0E0 1.78359E-3 5.46482E-3 8.5209E-3
-9999 -9999 -9999 -9999 -9999 0E0 0E0 0E0 0E0 0E0 0E0 0E0 0E0 0E0 0E0 0E0 0E0 0E0 0E0 0E0 0E0 3.18872E-3 5.32936E-3 6.14692E-3
-9999 -9999 -9999 -9999 -9999 0E0 0E0 0E0 0E0 0E0 0E0 0E0 0E0 0E0 0E0 0E0 0E0 0E0 0E0 0E0 1.74998E-3 5.39212E-3 8.58267E-3 8.42033E-3
-9999 -9999 -9999 -9999 -9999 0E0 0E0 0E0 0E0 0E0 0E0 0E0 0E0 0E0 0E0 0E0 0E0 0E0 0E0 0E0 1.23561E-2 1.47971E-2 1.76515E-2 1.19029E-2
-9999 -9999 -9999 -9999 -9999 0E0 0E0 0E0 0E0 0E0 0E0 0E0 0E0 0E0 0E0 0E0 0E0 0E0 0E0 1.97426E-2 4.29169E-2 4.45038E-2 2.90853E-2 1.40834E-2
-9999 -9999 -9999 -9999 -9999 3.00186E-2 0E0 0E0 0E0 0E0 0E0 0E0 0E0 0E0 0E0 0E0 0E0 1.63977E-3 2.07813E-2 3.164E-2 3.92065E-2 4.08134E-2 3.49984E-2 2.87259E-2
-9999 -9999 -9999 -9999 -9999 9.27369E-2 5.31222E-2 9.74327E-3 0E0 0E0 0E0 0E0 0E0 0E0 0E0 0E0 1.70869E-2 2.95306E-2 3.78735E-2 4.12751E-2 4.23093E-2 3.84434E-2 4.12238E-2 4.65044E-2
-9999 -9999 -9999 -9999 -9999 1.27171E-1 1.21293E-1 9.70305E-2 7.8332E-2 5.52213E-2 3.80013E-2 2.51001E-2 2.22885E-2 2.30546E-2 2.93982E-2 3.75897E-2 4.10603E-2 4.56816E-2 4.73022E-2 4.90867E-2 4.81573E-2 4.54872E-2 4.83056E-2 5.02514E-2
-9999 -9999 -9999 -9999 -9999 1.47352E-1 1.37308E-1 1.33336E-1 1.24749E-1 1.18969E-1 1.15822E-1 1.11887E-1 9.5971E-2 7.97055E-2 6.02836E-2 5.92503E-2 5.2839E-2 5.43598E-2 5.26961E-2 5.17636E-2 5.16487E-2 4.95502E-2 4.22568E-2 3.08703E-2
