analysis/maxent/LEH/2015_1/envonly.asc
ncols         24
nrows         22
xllcorner     -163.028494180372
yllcorner     19.3009582783358
cellsize      0.25
NODATA_value  -9999
-9999 -9999 -9999 -9999 -9999 6.48024E-1 6.76063E-1 4.24076E-1 4.11931E-1 6.38004E-1 6.07533E-1 4.92603E-1 5.32397E-1 5.77142E-1 6.22954E-1 6.59271E-1 5.84081E-1 6.36053E-1 5.21526E-1 4.4504E-1 4.2653E-1 3.93002E-1 3.88439E-1 4.19707E-1
-9999 -9999 -9999 -9999 -9999 3.9046E-1 3.99455E-1 4.86199E-1 3.84012E-1 5.1451E-1 5.53715E-1 5.44791E-1 5.46594E-1 6.16589E-1 5.58202E-1 5.14807E-1 4.84245E-1 5.36621E-1 4.50885E-1 4.05119E-1 4.0106E-1 4.06616E-1 4.13488E-1 4.18871E-1
-9999 -9999 -9999 -9999 -9999 4.48088E-1 4.01227E-1 5.21404E-1 6.52122E-1 7.73708E-1 7.08924E-1 7.00124E-1 6.43599E-1 5.92169E-1 5.52041E-1 6.09097E-1 4.87767E-1 5.06591E-1 3.91378E-1 4.28861E-1 4.69116E-1 4.74017E-1 4.84197E-1 4.7957E-1
-9999 -9999 -9999 -9999 -9999 4.39664E-1 4.06825E-1 5.25205E-1 7.57377E-1 8.15579E-1 8.23581E-1 8.15936E-1 7.99056E-1 7.43429E-1 5.49301E-1 5.59566E-1 5.41195E-1 5.01584E-1 4.46311E-1 4.39558E-1 4.99564E-1 5.44919E-1 5.56734E-1 6.19532E-1
-9999 -9999 -9999 -9999 -9999 5.90508E-1 5.10931E-1 4.65896E-1 7.80508E-1 8.11033E-1 8.17649E-1 8.12545E-1 8.02015E-1 7.96651E-1 7.75923E-1 7.0233E-1 6.27823E-1 5.76088E-1 4.716E-1 4.55095E-1 4.91571E-1 5.31649E-1 5.49964E-1 5.4434E-1
-9999 -9999 -9999 -9999 -9999 7.91954E-1 6.62962E-1 4.59892E-1 7.77636E-1 7.87418E-1 7.93133E-1 7.93824E-1 7.94894E-1 7.97217E-1 7.97539E-1 7.89487E-1 6.9566E-1 5.12788E-1 4.60227E-1 4.70474E-1 4.61375E-1 5.04142E-1 5.3556E-1 5.48314E-1
-9999 -9999 -9999 -9999 -9999 7.34098E-1 8.36314E-1 5.38174E-1 4.56345E-1 6.07284E-1 7.69703E-1 7.82394E-1 7.96288E-1 8.0484E-1 8.04356E-1 7.93143E-1 7.65926E-1 6.46104E-1 4.01685E-1 3.9589E-1 4.08864E-1 4.51919E-1 4.93554E-1 5.20684E-1
-9999 -9999 -9999 -9999 -9999 7.80305E-1 8.4962E-1 8.24132E-1 8.29308E-1 5.05544E-1 7.63819E-1 7.84362E-1 7.98893E-1 5.42187E-1 5.00181E-1 5.15063E-1 4.61993E-1 6.29255E-1 6.67928E-1 5.53531E-1 4.63273E-1 4.1343E-1 4.32408E-1 4.63654E-1
-9999 -9999 -9999 -9999 -9999 7.77677E-1 7.85361E-1 7.79282E-1 7.90054E-1 5.66721E-1 7.44598E-1 7.56521E-1 4.9465E-1 6.99203E-1 8.42922E-1 8.25982E-1 6.49624E-1 4.62156E-1 6.79591E-1 6.69489E-1 6.3651E-1 5.92252E-1 5.12015E-1 4.17955E-1
-9999 -9999 -9999 -9999 -9999 5.01776E-1 5.5332E-1 6.62769E-1 6.70001E-1 5.46743E-1 5.3609E-1 6.19218E-1 8.11121E-1 8.32503E-1 8.15557E-1 8.48476E-1 6.95458E-1 5.07767E-1 6.8341E-1 6.69007E-1 6.68681E-1 6.76632E-1 6.74783E-1 4.3395E-1
-9999 -9999 -9999 -9999 -9999 4.83164E-1 4.62705E-1 4.70392E-1 5.37295E-1 6.52429E-1 8.48364E-1 7.69363E-1 6.9308E-1 4.24781E-1 4.24336E-1 7.93602E-1 8.28826E-1 6.70373E-1 3.95681E-1 3.81407E-1 4.8515E-1 5.80554E-1 4.11665E-1 5.65097E-1
-9999 -9999 -9999 -9999 -9999 4.50864E-1 4.24522E-1 4.54784E-1 5.8272E-1 7.81484E-1 7.23603E-1 5.15437E-1 5.97867E-1 4.85482E-1 5.28822E-1 7.94403E-1 8.08431E-1 7.34371E-1 7.49617E-1 7.46009E-1 7.6287E-1 7.57557E-1 6.28671E-1 5.8728E-1
-9999 -9999 -9999 -9999 -9999 4.26606E-1 4.13409E-1 4.16915E-1 5.99651E-1 7.02405E-1 7.16608E-1 7.3436E-1 7.92645E-1 7.76302E-1 7.8773E-1 8.45383E-1 8.3392E-1 7.27792E-1 6.38052E-1 4.81115E-1 4.92695E-1 6.95176E-1 7.51504E-1 6.97727E-1
-9999 -9999 -9999 -9999 -9999 3.99671E-1 4.03988E-1 3.97374E-1 5.33488E-1 7.76419E-1 7.42989E-1 6.4104E-1 6.92435E-1 8.27815E-1 8.3639E-1 6.33271E-1 4.99476E-1 8.14816E-1 7.135E-1 4.52179E-1 3.38894E-1 4.79234E-1 6.31013E-1 7.07668E-1
-9999 -9999 -9999 -9999 -9999 3.67685E-1 3.81513E-1 3.77933E-1 3.98073E-1 3.87405E-1 3.96194E-1 4.22955E-1 4.20889E-1 5.19309E-1 6.3371E-1 4.69371E-1 6.08526E-1 7.43314E-1 7.98424E-1 7.07262E-1 4.75792E-1 4.40966E-1 4.13845E-1 4.04931E-1
-9999 -9999 -9999 -9999 -9999 3.53006E-1 3.95502E-1 4.54266E-1 5.22897E-1 6.06024E-1 5.17051E-1 5.21606E-1 5.37584E-1 5.15576E-1 4.4813E-1 4.58452E-1 4.20273E-1 5.48174E-1 7.14795E-1 8.12805E-1 6.56766E-1 4.42502E-1 5.78222E-1 4.80205E-1
-9999 -9999 -9999 -9999 -9999 5.69493E-1 5.66904E-1 5.43547E-1 5.23732E-1 4.95363E-1 4.64785E-1 4.41227E-1 4.2504E-1 4.0589E-1 3.68857E-1 4.17156E-1 5.15464E-1 6.14174E-1 4.918E-1 4.87118E-1 8.11318E-1 7.56085E-1 7.38353E-1 5.97491E-1
-9999 -9999 -9999 -9999 -9999 5.32379E-1 4.94262E-1 4.64986E-1 4.48419E-1 4.4099E-1 4.07612E-1 3.7723E-1 3.64967E-1 3.55158E-1 3.54648E-1 4.02989E-1 4.85871E-1 5.05664E-1 4.38851E-1 4.11547E-1 4.62082E-1 4.17608E-1 7.76985E-1 6.75426E-1
-9999 -9999 -9999 -9999 -9999 5.90127E-1 5.0071E-1 3.49418E-1 3.24789E-1 3.55808E-1 3.7343E-1 3.56437E-1 3.35863E-1 3.38217E-1 3.35064E-1 3.49427E-1 4.0358E-1 4.25004E-1 4.3434E-1 4.71421E-1 4.58421E-1 4.99901E-1 6.68154E-1 8.12003E-1
-9999 -9999 -9999 -9999 -9999 5.57492E-1 4.45058E-1 2.43055E-1 2.23614E-1 2.81727E-1 3.38207E-1 3.35315E-1 3.03516E-1 2.89517E-1 2.87018E-1 3.02161E-1 3.30125E-1 3.92153E-1 4.33903E-1 4.77008E-1 5.10123E-1 6.12955E-1 5.52857E-1 4.49507E-1
-9999 -9999 -9999 -9999 -9999 4.8364E-1 4.95482E-1 4.16114E-1 4.36211E-1 4.58113E-1 4.90805E-1 3.9944E-1 2.96242E-1 2.20924E-1 2.36934E-1 2.61822E-1 3.50562E-1 3.85787E-1 4.35013E-1 4.46398E-1 4.7407E-1 5.17313E-1 4.60092E-1 4.26649E-1
-9999 -9999 -9999 -9999 -9999 4.22101E-1 3.95614E-1 3.82384E-1 3.67038E-1 4.11366E-1 4.53608E-1 4.49542E-1 3.49077E-1 2.60972E-1 2.17251E-1 2.58121E-1 3.66836E-1 3.82468E-1 4.28246E-1 4.52176E-1 4.5436E-1 4.82131E-1 6.09456E-1 7.55876E-1
