analysis/maxent/LEH/2015_1/envonly.asc
ncols         24
nrows         22
xllcorner     -163.028494180372
yllcorner     19.3009582783358
cellsize      0.25
NODATA_value  -9999
-9999 -9999 -9999 -9999 -9999 4.34927E-1 4.43031E-1 2.23685E-1 2.41965E-1 5.11021E-1 5.13102E-1 3.84948E-1 3.60417E-1 3.56227E-1 3.98475E-1 4.97691E-1 4.83311E-1 5.20427E-1 3.9944E-1 3.37831E-1 2.59257E-1 1.97826E-1 1.8261E-1 2.6944E-1
-9999 -9999 -9999 -9999 -9999 2.48609E-1 2.14952E-1 2.54907E-1 1.73211E-1 2.16923E-1 2.12877E-1 1.90601E-1 1.66404E-1 1.83995E-1 1.6479E-1 1.89026E-1 2.45018E-1 3.65275E-1 3.43524E-1 2.79641E-1 2.28449E-1 1.68396E-1 1.38169E-1 1.81523E-1
-9999 -9999 -9999 -9999 -9999 3.27292E-1 1.82427E-1 1.63167E-1 1.59155E-1 2.18143E-1 1.67011E-1 1.55435E-1 1.24984E-1 1.03703E-1 9.76305E-2 1.28109E-1 1.05516E-1 1.57828E-1 1.41861E-1 1.82953E-1 1.74829E-1 1.30317E-1 1.12938E-1 1.32328E-1
-9999 -9999 -9999 -9999 -9999 2.77465E-1 1.34249E-1 1.25496E-1 2.42845E-1 2.913E-1 2.81128E-1 2.63452E-1 2.38039E-1 1.89891E-1 1.02419E-1 1.00347E-1 9.41928E-2 9.65661E-2 8.64893E-2 9.2253E-2 1.07663E-1 1.16939E-1 1.19554E-1 1.58391E-1
-9999 -9999 -9999 -9999 -9999 3.23557E-1 1.56416E-1 1.22843E-1 3.02575E-1 3.38775E-1 3.26315E-1 3.13799E-1 2.92518E-1 2.7206E-1 2.32906E-1 1.78927E-1 1.37131E-1 1.17661E-1 8.7225E-2 8.67807E-2 9.0789E-2 9.89015E-2 1.05061E-1 1.09338E-1
-9999 -9999 -9999 -9999 -9999 3.70968E-1 2.88133E-1 1.44814E-1 3.43099E-1 3.65124E-1 3.62327E-1 3.46802E-1 3.34775E-1 3.23755E-1 3.07641E-1 2.80763E-1 1.94234E-1 1.08548E-1 1.10612E-1 1.10701E-1 9.36607E-2 9.64787E-2 1.01524E-1 1.10374E-1
-9999 -9999 -9999 -9999 -9999 3.86265E-1 4.6993E-1 2.27537E-1 1.63995E-1 2.45483E-1 3.87524E-1 3.88533E-1 3.96128E-1 3.91945E-1 3.70857E-1 3.37942E-1 2.89874E-1 1.87282E-1 1.19971E-1 1.29922E-1 1.10198E-1 1.00558E-1 1.02183E-1 1.12363E-1
-9999 -9999 -9999 -9999 -9999 4.85757E-1 5.53619E-1 5.10695E-1 4.98806E-1 2.29154E-1 4.42174E-1 4.55578E-1 4.49915E-1 2.00825E-1 1.7538E-1 1.66278E-1 1.35535E-1 2.14666E-1 3.16104E-1 2.75624E-1 1.8403E-1 1.15676E-1 1.01269E-1 1.07168E-1
-9999 -9999 -9999 -9999 -9999 5.50165E-1 5.3397E-1 5.17601E-1 5.3304E-1 3.25503E-1 4.60261E-1 4.45201E-1 2.13656E-1 3.76531E-1 4.88122E-1 4.56214E-1 3.03651E-1 1.55755E-1 3.59584E-1 4.03198E-1 3.38732E-1 2.48778E-1 1.59325E-1 1.0506E-1
-9999 -9999 -9999 -9999 -9999 3.16728E-1 3.30966E-1 4.31103E-1 4.39008E-1 3.10039E-1 2.89279E-1 3.42564E-1 4.92915E-1 5.09154E-1 5.00983E-1 5.38055E-1 3.92723E-1 2.1037E-1 4.03403E-1 4.1076E-1 4.04555E-1 3.66518E-1 2.97779E-1 1.27192E-1
-9999 -9999 -9999 -9999 -9999 2.86967E-1 2.77159E-1 2.75935E-1 3.28963E-1 4.42003E-1 6.01934E-1 5.02378E-1 4.40109E-1 3.5479E-1 3.53779E-1 5.11729E-1 5.62555E-1 4.05937E-1 2.04461E-1 1.8945E-1 2.56543E-1 3.13708E-1 1.67426E-1 2.66438E-1
-9999 -9999 -9999 -9999 -9999 3.10484E-1 2.87513E-1 3.13498E-1 4.41151E-1 5.95589E-1 5.40759E-1 4.58244E-1 4.75985E-1 4.5234E-1 4.52991E-1 5.59053E-1 5.87849E-1 5.1107E-1 5.58637E-1 5.71775E-1 5.67774E-1 5.31323E-1 4.08625E-1 3.50729E-1
-9999 -9999 -9999 -9999 -9999 3.458E-1 3.29984E-1 3.4524E-1 5.54926E-1 6.08125E-1 6.16104E-1 6.08881E-1 6.50202E-1 6.33848E-1 6.22728E-1 6.61537E-1 6.52622E-1 5.75126E-1 5.31885E-1 5.19886E-1 5.29891E-1 5.55689E-1 5.63242E-1 4.83216E-1
-9999 -9999 -9999 -9999 -9999 3.73467E-1 3.68294E-1 3.76127E-1 5.42778E-1 7.49817E-1 6.98738E-1 5.99399E-1 6.25423E-1 7.34399E-1 7.15068E-1 5.01763E-1 3.35099E-1 6.56912E-1 5.81198E-1 5.03503E-1 4.82708E-1 4.97623E-1 4.98726E-1 5.11145E-1
-9999 -9999 -9999 -9999 -9999 4.04728E-1 3.96422E-1 3.87539E-1 4.10182E-1 3.73875E-1 3.69451E-1 3.6509E-1 3.6213E-1 4.62559E-1 5.86776E-1 3.74014E-1 4.81075E-1 6.22917E-1 6.53039E-1 5.69242E-1 4.89717E-1 4.61048E-1 4.34017E-1 4.2577E-1
-9999 -9999 -9999 -9999 -9999 4.4142E-1 4.79457E-1 5.38052E-1 6.01443E-1 6.793E-1 5.59212E-1 5.44895E-1 5.43956E-1 5.00751E-1 4.0801E-1 4.03379E-1 3.52246E-1 4.7674E-1 6.31238E-1 6.85742E-1 5.43036E-1 4.44116E-1 4.29667E-1 3.87334E-1
-9999 -9999 -9999 -9999 -9999 7.73354E-1 7.60405E-1 7.18624E-1 6.78705E-1 6.31589E-1 5.75063E-1 5.21503E-1 4.85385E-1 4.49124E-1 4.00536E-1 4.41111E-1 5.26569E-1 6.23791E-1 4.40362E-1 4.09729E-1 7.19662E-1 6.32522E-1 5.72212E-1 4.29913E-1
-9999 -9999 -9999 -9999 -9999 7.70102E-1 7.39658E-1 7.18621E-1 6.81207E-1 6.28375E-1 5.54689E-1 4.74286E-1 4.45906E-1 4.40267E-1 4.5204E-1 5.01789E-1 5.6736E-1 5.40834E-1 4.21706E-1 3.57827E-1 3.85703E-1 3.28875E-1 6.77521E-1 5.40254E-1
-9999 -9999 -9999 -9999 -9999 8.63545E-1 8.14657E-1 6.85992E-1 6.41125E-1 6.09444E-1 5.65212E-1 4.9839E-1 4.73219E-1 4.87455E-1 5.06123E-1 5.19867E-1 5.50394E-1 5.2098E-1 4.81632E-1 4.89493E-1 4.38948E-1 4.62646E-1 6.27105E-1 7.17969E-1
-9999 -9999 -9999 -9999 -9999 8.95694E-1 8.08876E-1 5.66482E-1 5.53465E-1 5.80709E-1 6.0872E-1 5.62113E-1 5.09939E-1 5.29599E-1 5.54883E-1 5.65659E-1 5.46422E-1 5.80032E-1 5.70019E-1 5.74684E-1 5.62513E-1 6.44081E-1 5.3526E-1 3.72944E-1
-9999 -9999 -9999 -9999 -9999 9.21672E-1 9.02631E-1 8.66802E-1 9.07616E-1 8.99982E-1 8.86888E-1 7.75442E-1 6.50167E-1 5.23429E-1 5.53321E-1 5.61221E-1 6.48731E-1 6.25355E-1 6.21625E-1 5.80925E-1 5.68436E-1 5.73376E-1 4.57829E-1 3.84604E-1
-9999 -9999 -9999 -9999 -9999 9.32138E-1 9.31593E-1 9.30028E-1 9.27181E-1 9.22322E-1 9.09763E-1 8.82106E-1 7.85183E-1 6.40353E-1 5.26627E-1 5.52164E-1 6.44502E-1 5.87639E-1 6.01914E-1 6.04419E-1 5.7254E-1 5.76197E-1 6.92131E-1 7.73539E-1
