analysis/maxent/LEH/2015_1/ert.asc
ncols         24
nrows         22
xllcorner     -163.028494180372
yllcorner     19.3009582783358
cellsize      0.25
NODATA_value  -9999
-9999 -9999 -9999 -9999 -9999 -9999 -9999 -9999 -9999 -9999 -9999 -9999 -9999 -9999 -9999 -9999 -9999 -9999 -9999 -9999 -9999 -9999 -9999 -9999
-9999 -9999 -9999 -9999 -9999 -9999 -9999 -9999 -9999 -9999 -9999 -9999 -9999 -9999 -9999 -9999 -9999 -9999 -9999 -9999 -9999 -9999 -9999 -9999
-9999 -9999 -9999 -9999 -9999 -9999 -9999 -9999 1.15777E-1 8.84601E-2 6.97892E-2 4.85845E-2 5.18129E-2 7.90332E-2 9.30244E-2 -9999 -9999 -9999 -9999 -9999 -9999 -9999 -9999 -9999
-9999 -9999 -9999 -9999 -9999 -9999 6.26774E-2 1.19274E-1 1.9745E-1 2.0044E-1 2.15152E-1 2.54164E-1 2.70869E-1 2.58426E-1 1.83535E-1 2.01437E-1 2.08712E-1 -9999 -9999 -9999 -9999 -9999 -9999 -9999
-9999 -9999 -9999 -9999 -9999 4.11508E-2 8.2284E-2 3.00626E-1 6.30925E-1 5.8136E-1 5.97978E-1 6.06166E-1 6.3396E-1 6.48737E-1 6.76113E-1 6.19072E-1 4.51426E-1 1.40736E-1 -9999 -9999 -9999 -9999 -9999 -9999
-9999 -9999 -9999 -9999 -9999 6.05413E-2 2.55573E-1 3.65089E-1 6.76628E-1 6.07791E-1 6.19211E-1 6.45494E-1 6.20881E-1 6.21714E-1 6.58616E-1 6.97008E-1 6.28784E-1 3.51306E-1 7.7676E-2 -9999 -9999 -9999 -9999 -9999
-9999 -9999 -9999 -9999 -9999 9.91903E-2 3.04272E-1 3.56295E-1 4.37852E-1 6.34213E-1 6.96085E-1 6.91334E-1 6.58636E-1 6.73185E-1 6.99545E-1 6.63724E-1 6.71441E-1 5.92148E-1 1.52968E-1 3.77463E-2 -9999 -9999 -9999 -9999
-9999 -9999 -9999 -9999 -9999 2.09197E-1 3.06133E-1 3.2667E-1 4.16654E-1 5.23077E-1 7.7131E-1 7.56899E-1 8.51235E-1 6.75867E-1 5.76843E-1 5.33045E-1 4.38931E-1 5.87293E-1 5.26477E-1 1.08093E-1 3.24009E-2 -9999 -9999 -9999
-9999 -9999 -9999 -9999 -9999 2.86162E-1 3.30857E-1 2.98317E-1 3.93369E-1 5.86054E-1 9.10093E-1 9.25014E-1 7.2329E-1 6.69149E-1 5.7525E-1 4.8437E-1 4.17484E-1 4.56944E-1 5.45085E-1 3.7734E-1 1.64245E-1 7.74857E-2 -9999 -9999
-9999 -9999 -9999 -9999 -9999 3.04322E-1 3.67866E-1 4.49151E-1 5.55721E-1 6.82624E-1 8.1253E-1 8.62897E-1 8.53682E-1 6.98595E-1 5.46858E-1 4.89346E-1 4.34611E-1 5.03245E-1 4.89106E-1 4.9327E-1 1.67509E-1 1.30888E-1 -9999 -9999
-9999 -9999 -9999 -9999 -9999 3.54667E-1 4.23613E-1 5.10809E-1 6.43413E-1 8.00104E-1 9.16035E-1 9.25693E-1 8.37523E-1 5.57295E-1 3.46798E-1 4.18821E-1 4.18981E-1 3.60059E-1 3.34378E-1 3.25176E-1 1.23824E-1 1.01749E-1 7.50926E-2 -9999
-9999 -9999 -9999 -9999 -9999 3.6355E-1 4.21757E-1 5.02295E-1 6.28189E-1 7.36437E-1 7.93003E-1 7.90724E-1 7.51111E-1 5.64528E-1 3.64628E-1 4.06821E-1 3.52011E-1 2.50739E-1 2.62759E-1 2.59334E-1 1.05104E-1 5.32897E-2 5.1756E-2 -9999
-9999 -9999 -9999 -9999 -9999 3.28694E-1 3.79545E-1 4.27126E-1 5.34384E-1 5.4827E-1 6.52814E-1 7.08339E-1 7.48768E-1 6.18551E-1 4.94922E-1 4.63335E-1 3.68071E-1 2.24934E-1 1.71052E-1 1.39564E-1 6.47364E-2 6.38319E-2 5.86707E-2 -9999
-9999 -9999 -9999 -9999 -9999 2.73008E-1 3.2583E-1 3.64153E-1 4.52817E-1 5.61312E-1 6.43346E-1 6.91348E-1 6.85483E-1 6.13367E-1 4.97557E-1 4.22728E-1 3.51854E-1 2.52697E-1 1.59021E-1 1.06312E-1 4.31836E-2 3.68038E-2 -9999 -9999
-9999 -9999 -9999 -9999 -9999 2.30229E-1 2.76242E-1 3.19325E-1 3.65908E-1 4.58148E-1 4.98175E-1 5.38437E-1 5.06234E-1 4.7483E-1 4.12039E-1 3.53082E-1 4.64412E-1 2.56003E-1 1.83393E-1 4.61544E-2 1.31082E-2 -9999 -9999 -9999
-9999 -9999 -9999 -9999 -9999 2.02278E-1 2.67983E-1 3.5325E-1 4.53828E-1 5.62689E-1 5.122E-1 5.2115E-1 5.30658E-1 5.02822E-1 4.19008E-1 3.74913E-1 2.62804E-1 2.29377E-1 1.49565E-1 3.17314E-2 1.57753E-2 -9999 -9999 -9999
-9999 -9999 -9999 -9999 -9999 1.66934E-1 3.40704E-1 3.66598E-1 3.8989E-1 3.95156E-1 3.80804E-1 3.64148E-1 3.51684E-1 3.34018E-1 2.85594E-1 2.46454E-1 2.20515E-1 1.62269E-1 4.35646E-2 3.44679E-2 3.32625E-2 -9999 -9999 -9999
-9999 -9999 -9999 -9999 -9999 7.29908E-2 2.21408E-1 2.80763E-1 2.86233E-1 2.87794E-1 2.773E-1 2.54633E-1 2.40921E-1 2.30494E-1 2.09403E-1 2.03266E-1 1.92768E-1 6.88647E-2 2.2652E-2 3.5604E-2 -9999 -9999 -9999 -9999
-9999 -9999 -9999 -9999 -9999 -9999 1.68863E-1 1.54634E-1 1.81003E-1 2.09661E-1 2.15505E-1 2.01648E-1 1.84457E-1 1.7008E-1 1.53705E-1 1.39222E-1 1.02183E-1 6.20714E-2 2.18432E-2 -9999 -9999 -9999 -9999 -9999
-9999 -9999 -9999 -9999 -9999 -9999 -9999 1.04173E-1 4.98954E-2 2.92252E-2 3.55752E-2 3.33427E-2 2.90533E-2 2.51121E-2 2.62214E-2 4.62185E-2 8.88291E-2 5.36832E-2 -9999 -9999 -9999 -9999 -9999 -9999
-9999 -9999 -9999 -9999 -9999 -9999 -9999 -9999 -9999 2.61293E-2 2.71198E-2 1.54983E-2 1.48568E-2 1.02997E-2 2.24535E-2 4.22444E-2 -9999 -9999 -9999 -9999 -9999 -9999 -9999 -9999
-9999 -9999 -9999 -9999 -9999 -9999 -9999 -9999 -9999 -9999 2.10307E-2 1.78081E-2 1.76746E-2 1.31681E-2 -9999 -9999 -9999 -9999 -9999 -9999 -9999 -9999 -9999 -9999
