analysis/maxent/LEH/2015_1/ert.asc
ncols         24
nrows         22
xllcorner     -163.028494180372
yllcorner     19.3009582783358
cellsize      0.25
NODATA_value  -9999
-9999 -9999 -9999 -9999 -9999 -9999 -9999 -9999 -9999 -9999 -9999 -9999 -9999 -9999 -9999 -9999 -9999 -9999 -9999 -9999 -9999 -9999 -9999 -9999
-9999 -9999 -9999 -9999 -9999 -9999 -9999 -9999 -9999 -9999 -9999 -9999 -9999 -9999 -9999 -9999 -9999 -9999 -9999 -9999 -9999 -9999 -9999 -9999
-9999 -9999 -9999 -9999 -9999 -9999 -9999 -9999 9.65721E-1 9.79316E-1 9.73267E-1 9.71905E-1 9.58224E-1 9.42048E-1 9.2577E-1 -9999 -9999 -9999 -9999 -9999 -9999 -9999 -9999 -9999
-9999 -9999 -9999 -9999 -9999 -9999 8.02805E-1 9.01001E-1 9.76464E-1 9.7461E-1 9.76978E-1 9.86072E-1 9.8533E-1 9.75074E-1 9.04329E-1 9.07022E-1 8.9754E-1 -9999 -9999 -9999 -9999 -9999 -9999 -9999
-9999 -9999 -9999 -9999 -9999 7.80552E-1 7.78605E-1 8.19089E-1 9.75316E-1 9.63121E-1 9.68532E-1 9.68057E-1 9.71807E-1 9.71869E-1 9.75499E-1 9.52621E-1 9.23284E-1 8.97964E-1 -9999 -9999 -9999 -9999 -9999 -9999
-9999 -9999 -9999 -9999 -9999 7.13579E-1 7.57289E-1 7.69166E-1 9.64636E-1 9.36444E-1 9.40484E-1 9.48599E-1 9.34409E-1 9.30756E-1 9.45584E-1 9.60422E-1 9.37355E-1 8.40732E-1 7.16332E-1 -9999 -9999 -9999 -9999 -9999
-9999 -9999 -9999 -9999 -9999 5.78255E-1 7.29544E-1 7.09908E-1 7.66304E-1 9.10278E-1 9.34258E-1 9.2382E-1 8.99745E-1 9.03209E-1 9.13136E-1 9.05451E-1 9.3294E-1 8.97617E-1 7.01954E-1 6.8771E-1 -9999 -9999 -9999 -9999
-9999 -9999 -9999 -9999 -9999 6.06036E-1 6.76212E-1 6.56398E-1 7.39046E-1 8.12636E-1 9.54602E-1 9.39544E-1 9.72904E-1 8.71338E-1 7.68552E-1 6.872E-1 6.78424E-1 8.57916E-1 8.98107E-1 8.29956E-1 7.40947E-1 -9999 -9999 -9999
-9999 -9999 -9999 -9999 -9999 6.64919E-1 6.84958E-1 6.25392E-1 7.14964E-1 8.53524E-1 9.91107E-1 9.91173E-1 8.92259E-1 8.47161E-1 7.69295E-1 6.27237E-1 5.37148E-1 6.6366E-1 7.78414E-1 8.47717E-1 8.31818E-1 8.07383E-1 -9999 -9999
-9999 -9999 -9999 -9999 -9999 6.52614E-1 7.29151E-1 7.9545E-1 8.5172E-1 9.00371E-1 9.3538E-1 9.43856E-1 9.31225E-1 8.33538E-1 7.19451E-1 6.56573E-1 5.14885E-1 5.89369E-1 6.48053E-1 7.04104E-1 6.64681E-1 7.09385E-1 -9999 -9999
-9999 -9999 -9999 -9999 -9999 7.27795E-1 7.92115E-1 8.41452E-1 8.96432E-1 9.37939E-1 9.61443E-1 9.49372E-1 8.52764E-1 6.46092E-1 4.90305E-1 5.73504E-1 4.83278E-1 4.02344E-1 4.04826E-1 4.33889E-1 5.47558E-1 6.28909E-1 5.05188E-1 -9999
-9999 -9999 -9999 -9999 -9999 7.46264E-1 7.93567E-1 8.36989E-1 8.9041E-1 9.06816E-1 8.8588E-1 8.50023E-1 7.87417E-1 6.53814E-1 5.05248E-1 5.59366E-1 4.58182E-1 2.95915E-1 3.21014E-1 3.2531E-1 3.37828E-1 3.74838E-1 3.78848E-1 -9999
-9999 -9999 -9999 -9999 -9999 7.00032E-1 7.50989E-1 7.77746E-1 8.37308E-1 7.96466E-1 8.18801E-1 8.17071E-1 8.34652E-1 7.42841E-1 6.50627E-1 6.20323E-1 4.793E-1 2.70839E-1 2.12022E-1 1.77138E-1 1.77417E-1 2.37488E-1 3.02734E-1 -9999
-9999 -9999 -9999 -9999 -9999 6.12833E-1 6.86001E-1 7.15819E-1 7.78612E-1 8.30471E-1 8.47891E-1 8.48036E-1 8.23432E-1 7.65368E-1 6.67221E-1 5.86143E-1 4.43245E-1 2.99694E-1 1.96327E-1 1.40302E-1 1.24013E-1 1.47656E-1 -9999 -9999
-9999 -9999 -9999 -9999 -9999 5.15412E-1 6.02147E-1 6.5602E-1 6.91616E-1 7.5836E-1 7.60536E-1 7.68633E-1 7.11817E-1 6.59977E-1 5.8388E-1 4.89497E-1 5.49947E-1 2.98053E-1 2.23291E-1 1.58614E-1 1.1548E-1 -9999 -9999 -9999
-9999 -9999 -9999 -9999 -9999 4.19E-1 5.58413E-1 6.90463E-1 7.89282E-1 8.60061E-1 7.90182E-1 7.70263E-1 7.52599E-1 7.00819E-1 5.6789E-1 4.68597E-1 3.11483E-1 2.62127E-1 2.51793E-1 2.1646E-1 1.37346E-1 -9999 -9999 -9999
-9999 -9999 -9999 -9999 -9999 5.27623E-1 5.95348E-1 6.95778E-1 7.18533E-1 6.97082E-1 6.11165E-1 5.45457E-1 4.78728E-1 4.24002E-1 3.2872E-1 2.75073E-1 2.47415E-1 2.27522E-1 2.28101E-1 2.39473E-1 2.30959E-1 -9999 -9999 -9999
-9999 -9999 -9999 -9999 -9999 4.35151E-1 4.4537E-1 5.10731E-1 5.29913E-1 4.71411E-1 4.15167E-1 3.24872E-1 2.94816E-1 2.72341E-1 2.30743E-1 2.21788E-1 2.15946E-1 2.12958E-1 2.14849E-1 2.4581E-1 -9999 -9999 -9999 -9999
-9999 -9999 -9999 -9999 -9999 -9999 4.31329E-1 3.28422E-1 3.09232E-1 3.08373E-1 2.97974E-1 2.57875E-1 2.24773E-1 2.04657E-1 1.89514E-1 1.87095E-1 1.88215E-1 2.0242E-1 2.09734E-1 -9999 -9999 -9999 -9999 -9999
-9999 -9999 -9999 -9999 -9999 -9999 -9999 2.29902E-1 1.77423E-1 2.02555E-1 2.35659E-1 2.22667E-1 1.90992E-1 1.67363E-1 1.51438E-1 1.51711E-1 1.65078E-1 1.77719E-1 -9999 -9999 -9999 -9999 -9999 -9999
-9999 -9999 -9999 -9999 -9999 -9999 -9999 -9999 -9999 3.10089E-1 3.24685E-1 2.5874E-1 1.98061E-1 1.43168E-1 1.31148E-1 1.39211E-1 -9999 -9999 -9999 -9999 -9999 -9999 -9999 -9999
-9999 -9999 -9999 -9999 -9999 -9999 -9999 -9999 -9999 -9999 2.62112E-1 2.91826E-1 2.31468E-1 1.79289E-1 -9999 -9999 -9999 -9999 -9999 -9999 -9999 -9999 -9999 -9999
