analysis/maxent/LEH/2015_1/ert.asc
ncols         24
nrows         22
xllcorner     -163.028494180372
yllcorner     19.3009582783358
cellsize      0.25
NODATA_value  -9999
-9999 -9999 -9999 -9999 -9999 -9999 -9999 -9999 -9999 -9999 -9999 -9999 -9999 -9999 -9999 -9999 -9999 -9999 -9999 -9999 -9999 -9999 -9999 -9999
-9999 -9999 -9999 -9999 -9999 -9999 -9999 -9999 -9999 -9999 -9999 -9999 -9999 -9999 -9999 -9999 -9999 -9999 -9999 -9999 -9999 -9999 -9999 -9999
-9999 -9999 -9999 -9999 -9999 -9999 -9999 -9999 7.60097E-2 1.02575E-1 8.42413E-2 7.73328E-2 6.19862E-2 5.15404E-2 5.1818E-2 -9999 -9999 -9999 -9999 -9999 -9999 -9999 -9999 -9999
-9999 -9999 -9999 -9999 -9999 -9999 1.03164E-1 7.12196E-2 1.326E-1 1.73513E-1 1.67356E-1 1.53277E-1 1.30521E-1 1.02318E-1 6.18477E-2 5.95077E-2 5.6172E-2 -9999 -9999 -9999 -9999 -9999 -9999 -9999
-9999 -9999 -9999 -9999 -9999 2.56095E-1 1.04799E-1 8.71069E-2 1.79155E-1 2.2153E-1 2.14402E-1 2.07547E-1 1.79481E-1 1.607E-1 1.38687E-1 1.12238E-1 8.86672E-2 7.74046E-2 -9999 -9999 -9999 -9999 -9999 -9999
-9999 -9999 -9999 -9999 -9999 2.62611E-1 2.14779E-1 1.17328E-1 2.14913E-1 2.44556E-1 2.47436E-1 2.34204E-1 2.29195E-1 2.25701E-1 2.20212E-1 1.99659E-1 1.41949E-1 7.21209E-2 7.54478E-2 -9999 -9999 -9999 -9999 -9999
-9999 -9999 -9999 -9999 -9999 3.56092E-1 4.11919E-1 2.03886E-1 1.41038E-1 1.7674E-1 2.71716E-1 2.82535E-1 3.08163E-1 3.21459E-1 3.18198E-1 3.13528E-1 2.2117E-1 1.12121E-1 8.36807E-2 8.83979E-2 -9999 -9999 -9999 -9999
-9999 -9999 -9999 -9999 -9999 5.01952E-1 5.68245E-1 4.94013E-1 4.53976E-1 2.06111E-1 3.40621E-1 3.74257E-1 3.70768E-1 2.09672E-1 2.27987E-1 2.01344E-1 1.29526E-1 1.2948E-1 1.7832E-1 1.65913E-1 1.09365E-1 -9999 -9999 -9999
-9999 -9999 -9999 -9999 -9999 6.08992E-1 5.82723E-1 5.53424E-1 5.52659E-1 3.31522E-1 3.85426E-1 3.67921E-1 2.3008E-1 4.27811E-1 5.72037E-1 4.79574E-1 2.65541E-1 1.06558E-1 2.1016E-1 2.33791E-1 1.89111E-1 1.35865E-1 -9999 -9999
-9999 -9999 -9999 -9999 -9999 4.07983E-1 4.2798E-1 5.15228E-1 5.03175E-1 3.52552E-1 2.90089E-1 3.42765E-1 5.28091E-1 5.81815E-1 4.82446E-1 5.10049E-1 3.42348E-1 1.45399E-1 2.5295E-1 2.41608E-1 2.40792E-1 2.02712E-1 -9999 -9999
-9999 -9999 -9999 -9999 -9999 3.72867E-1 3.83077E-1 3.8241E-1 4.32847E-1 5.41515E-1 6.64889E-1 5.53716E-1 4.8736E-1 2.23463E-1 2.4474E-1 3.682E-1 4.47455E-1 2.55081E-1 1.31684E-1 1.14699E-1 1.40969E-1 1.63751E-1 9.58142E-2 -9999
-9999 -9999 -9999 -9999 -9999 3.8249E-1 3.74154E-1 3.92474E-1 5.0378E-1 6.1681E-1 5.54796E-1 4.56554E-1 3.61174E-1 1.7234E-1 1.65821E-1 3.19559E-1 3.55901E-1 2.17962E-1 2.33497E-1 2.24634E-1 2.16284E-1 2.23337E-1 1.95927E-1 -9999
-9999 -9999 -9999 -9999 -9999 3.69319E-1 3.58899E-1 3.81558E-1 5.56044E-1 5.57619E-1 5.57728E-1 5.67952E-1 6.23708E-1 5.07194E-1 3.96151E-1 4.81592E-1 4.60268E-1 3.07364E-1 2.16181E-1 1.62442E-1 1.46782E-1 1.93801E-1 2.32417E-1 -9999
-9999 -9999 -9999 -9999 -9999 3.36485E-1 3.32178E-1 3.591E-1 5.25024E-1 7.2013E-1 7.0199E-1 6.43999E-1 6.74438E-1 7.5005E-1 6.60513E-1 4.77968E-1 3.37645E-1 4.91352E-1 3.10926E-1 1.55886E-1 1.56805E-1 1.73516E-1 -9999 -9999
-9999 -9999 -9999 -9999 -9999 3.72369E-1 3.70823E-1 3.94057E-1 4.49414E-1 4.26088E-1 4.46781E-1 4.38106E-1 4.55184E-1 5.49593E-1 6.34722E-1 4.21978E-1 4.71386E-1 5.08523E-1 3.74084E-1 1.98053E-1 1.18981E-1 -9999 -9999 -9999
-9999 -9999 -9999 -9999 -9999 3.9541E-1 4.39064E-1 5.25345E-1 5.8865E-1 6.59879E-1 5.78966E-1 5.79911E-1 5.92139E-1 5.62303E-1 4.86097E-1 4.54577E-1 3.92825E-1 4.16974E-1 4.48769E-1 4.02973E-1 1.89406E-1 -9999 -9999 -9999
-9999 -9999 -9999 -9999 -9999 5.85108E-1 6.44868E-1 6.80363E-1 6.5134E-1 6.29786E-1 5.91368E-1 5.58338E-1 5.41793E-1 5.28197E-1 5.09907E-1 5.2444E-1 5.39816E-1 5.4396E-1 3.49126E-1 3.2613E-1 5.11883E-1 -9999 -9999 -9999
-9999 -9999 -9999 -9999 -9999 5.42673E-1 6.28275E-1 6.83518E-1 6.72586E-1 6.24053E-1 5.61256E-1 5.02321E-1 4.96585E-1 5.19633E-1 5.55039E-1 5.97179E-1 6.03171E-1 5.14085E-1 3.58334E-1 2.93252E-1 -9999 -9999 -9999 -9999
-9999 -9999 -9999 -9999 -9999 -9999 7.19023E-1 6.43845E-1 6.32075E-1 5.99642E-1 5.59247E-1 5.10769E-1 5.20277E-1 5.55794E-1 5.95217E-1 6.26699E-1 6.31619E-1 5.58353E-1 4.30912E-1 -9999 -9999 -9999 -9999 -9999
-9999 -9999 -9999 -9999 -9999 -9999 -9999 5.61376E-1 5.50883E-1 5.21173E-1 5.30483E-1 5.09323E-1 5.19459E-1 5.9037E-1 6.4521E-1 6.65059E-1 6.49057E-1 6.42719E-1 -9999 -9999 -9999 -9999 -9999 -9999
-9999 -9999 -9999 -9999 -9999 -9999 -9999 -9999 -9999 7.80579E-1 7.62323E-1 6.68435E-1 6.22634E-1 5.93878E-1 6.52432E-1 6.69597E-1 -9999 -9999 -9999 -9999 -9999 -9999 -9999 -9999
-9999 -9999 -9999 -9999 -9999 -9999 -9999 -9999 -9999 -9999 8.1944E-1 7.81454E-1 7.44717E-1 6.73503E-1 -9999 -9999 -9999 -9999 -9999 -9999 -9999 -9999 -9999 -9999
