analysis/maxent/MCB/projections/MCB_envonly.asc
ncols         33
nrows         25
xllcorner     198.0
yllcorner     19.0
cellsize      0.25
NODATA_value  -9999
6.75821E-1 5.26044E-1 6.32959E-1 7.57815E-1 7.68763E-1 7.28021E-1 7.92422E-1 8.00028E-1 7.95627E-1 7.06749E-1 8.04575E-1 8.33494E-1 8.50314E-1 8.62195E-1 8.66117E-1 7.43984E-1 6.04326E-1 5.32083E-1 6.27888E-1 5.82939E-1 5.19114E-1 6.0434E-1 6.33994E-1 8.04327E-1 8.37468E-1 6.60996E-1 7.33297E-1 7.98371E-1 -9999 -9999 -9999 -9999 -9999
7.86938E-1 7.82622E-1 7.92893E-1 7.47318E-1 8.00294E-1 7.68622E-1 7.07214E-1 6.13833E-1 6.32256E-1 6.71845E-1 7.82328E-1 8.19407E-1 7.78861E-1 8.25641E-1 7.31779E-1 6.30587E-1 5.83312E-1 5.86012E-1 5.19766E-1 5.89766E-1 5.59113E-1 5.02662E-1 5.05884E-1 6.41374E-1 6.11439E-1 5.69736E-1 6.67103E-1 7.94785E-1 -9999 -9999 -9999 -9999 -9999
8.03763E-1 7.79763E-1 7.93134E-1 5.00743E-1 4.91911E-1 7.19105E-1 7.00318E-1 6.25884E-1 6.84964E-1 7.38208E-1 7.57482E-1 7.50386E-1 7.01495E-1 7.22486E-1 6.32572E-1 5.97009E-1 5.98188E-1 5.39694E-1 5.15179E-1 4.9793E-1 4.90336E-1 5.12433E-1 5.26547E-1 5.0711E-1 5.15281E-1 5.45461E-1 5.54576E-1 5.38967E-1 -9999 -9999 -9999 -9999 -9999
5.23205E-1 5.07339E-1 4.69608E-1 6.69807E-1 4.96412E-1 6.40341E-1 6.81922E-1 6.72814E-1 7.01825E-1 7.34156E-1 6.56891E-1 6.22252E-1 6.13235E-1 6.4926E-1 5.81771E-1 5.51571E-1 5.89254E-1 5.71249E-1 5.39471E-1 5.46595E-1 5.51249E-1 5.6799E-1 5.5064E-1 5.51012E-1 5.14624E-1 5.6023E-1 5.51393E-1 5.51529E-1 -9999 -9999 -9999 -9999 -9999
4.92075E-1 4.92954E-1 4.9727E-1 6.23031E-1 7.63168E-1 8.36569E-1 8.0662E-1 7.9709E-1 7.64858E-1 7.34624E-1 6.52841E-1 7.33285E-1 6.29819E-1 6.37321E-1 5.57252E-1 6.24142E-1 6.43165E-1 6.1235E-1 5.95578E-1 5.97323E-1 5.91505E-1 6.0146E-1 6.02607E-1 6.37864E-1 5.94241E-1 6.47985E-1 6.00098E-1 7.31873E-1 -9999 -9999 -9999 -9999 -9999
5.42315E-1 5.64803E-1 5.36529E-1 6.14696E-1 8.39427E-1 8.55938E-1 8.57805E-1 8.59928E-1 8.71363E-1 8.54517E-1 6.93744E-1 7.28498E-1 7.21155E-1 6.9186E-1 6.25858E-1 5.95018E-1 6.23481E-1 6.39533E-1 6.37945E-1 6.69347E-1 6.38421E-1 6.53775E-1 6.39545E-1 6.31129E-1 6.1099E-1 6.61053E-1 7.30652E-1 4.94545E-1 -9999 -9999 -9999 -9999 -9999
7.97681E-1 7.5347E-1 5.99615E-1 5.41454E-1 8.27665E-1 8.34498E-1 8.4742E-1 8.40236E-1 8.447E-1 8.50597E-1 8.59513E-1 8.14093E-1 7.5164E-1 6.94048E-1 5.98187E-1 5.79299E-1 5.85273E-1 6.04991E-1 6.14035E-1 6.1768E-1 6.41552E-1 6.56797E-1 6.41906E-1 6.31779E-1 6.58096E-1 7.10904E-1 7.80103E-1 3.15102E-1 -9999 -9999 -9999 -9999 -9999
7.51353E-1 7.73121E-1 5.82306E-1 4.71405E-1 8.02477E-1 8.16415E-1 8.23444E-1 8.08759E-1 8.09639E-1 8.16264E-1 8.20286E-1 8.24004E-1 7.8269E-1 5.72792E-1 6.00151E-1 5.70316E-1 5.4238E-1 5.6445E-1 5.82414E-1 5.9849E-1 6.18943E-1 6.26529E-1 6.40215E-1 6.59589E-1 6.88687E-1 7.79679E-1 6.25928E-1 3.13322E-1 -9999 -9999 -9999 -9999 -9999
4.07693E-1 4.52836E-1 4.36007E-1 3.5696E-1 4.81832E-1 5.99087E-1 7.84321E-1 7.69773E-1 7.75269E-1 7.81573E-1 7.83394E-1 7.7042E-1 7.69432E-1 7.06253E-1 5.48013E-1 5.24633E-1 4.93032E-1 5.14456E-1 5.35086E-1 5.62673E-1 5.80133E-1 6.01905E-1 6.41696E-1 6.68365E-1 7.97087E-1 8.1731E-1 5.95753E-1 4.3726E-1 -9999 -9999 -9999 -9999 -9999
6.22074E-1 5.85118E-1 4.50512E-1 4.86042E-1 7.64022E-1 5.29286E-1 7.78385E-1 7.60415E-1 7.50218E-1 4.79683E-1 4.80562E-1 4.48647E-1 4.35401E-1 6.46512E-1 7.43726E-1 6.61585E-1 5.87582E-1 4.96069E-1 4.71937E-1 4.93367E-1 5.26313E-1 5.7074E-1 6.25601E-1 6.8915E-1 7.4338E-1 7.4994E-1 7.91522E-1 7.67682E-1 -9999 -9999 -9999 -9999 -9999
6.19137E-1 4.30919E-1 2.80183E-1 2.44821E-1 6.01754E-1 4.9813E-1 6.78722E-1 6.20697E-1 5.45412E-1 7.93108E-1 8.56932E-1 8.36549E-1 6.31293E-1 5.44474E-1 7.49505E-1 7.59807E-1 7.75107E-1 7.21416E-1 5.95189E-1 4.62952E-1 4.5616E-1 5.13732E-1 5.68332E-1 6.34845E-1 6.66E-1 6.88342E-1 6.85148E-1 6.44046E-1 -9999 -9999 -9999 -9999 -9999
3.31856E-1 2.38172E-1 1.18767E-1 9.41757E-2 2.05047E-1 3.58242E-1 5.31755E-1 7.41878E-1 7.9992E-1 7.5281E-1 7.67569E-1 8.53193E-1 7.24849E-1 5.31914E-1 7.90328E-1 7.83849E-1 7.76813E-1 7.71647E-1 6.69268E-1 4.64559E-1 4.52814E-1 6.29646E-1 6.11643E-1 5.89308E-1 5.62129E-1 5.62125E-1 5.58634E-1 5.4987E-1 -9999 -9999 -9999 -9999 -9999
2.4492E-1 2.04881E-1 1.41541E-1 8.4422E-2 1.16796E-1 3.48015E-1 4.76285E-1 4.61447E-1 4.07996E-1 -9999 -9999 7.43709E-1 8.08308E-1 8.10051E-1 6.05733E-1 5.95777E-1 5.02539E-1 5.03301E-1 4.91591E-1 6.30159E-1 4.48498E-1 7.68786E-1 7.72502E-1 8.05721E-1 8.28731E-1 8.27859E-1 6.28538E-1 5.19462E-1 -9999 -9999 -9999 -9999 -9999
1.95865E-1 1.94874E-1 1.52854E-1 1.43222E-1 1.95796E-1 2.90839E-1 2.76723E-1 2.29542E-1 3.97023E-1 3.72308E-1 4.74846E-1 6.98366E-1 6.54566E-1 5.8181E-1 6.78894E-1 7.3033E-1 7.98727E-1 8.4344E-1 7.64112E-1 6.09518E-1 5.41115E-1 6.37749E-1 6.18022E-1 6.38805E-1 6.57344E-1 6.71186E-1 7.52742E-1 8.13962E-1 -9999 -9999 -9999 -9999 -9999
1.86184E-1 1.99376E-1 1.60685E-1 1.42943E-1 2.38413E-1 2.85506E-1 3.63389E-1 4.82508E-1 6.39436E-1 6.61768E-1 6.96825E-1 6.84653E-1 6.244E-1 4.58163E-1 4.30246E-1 3.20402E-1 4.19219E-1 7.45099E-1 8.18445E-1 8.35584E-1 6.4674E-1 7.41643E-1 5.92012E-1 5.97382E-1 6.18122E-1 6.44E-1 6.57344E-1 6.80926E-1 -9999 -9999 -9999 -9999 -9999
2.14158E-1 1.87894E-1 1.46426E-1 1.41002E-1 2.10774E-1 3.16434E-1 2.98733E-1 3.5921E-1 5.13696E-1 7.30434E-1 7.4913E-1 4.2402E-1 3.01462E-1 4.88223E-1 4.56505E-1 3.28679E-1 2.63894E-1 3.70983E-1 4.94087E-1 6.63196E-1 7.78803E-1 7.86267E-1 8.17995E-1 4.29413E-1 7.31119E-1 6.35657E-1 6.54807E-1 6.84624E-1 -9999 -9999 -9999 -9999 -9999
2.19461E-1 1.77026E-1 1.43167E-1 1.40138E-1 1.5921E-1 2.41483E-1 2.35818E-1 3.25208E-1 3.75083E-1 4.05461E-1 5.0708E-1 3.32232E-1 3.09853E-1 4.20609E-1 5.2966E-1 5.21652E-1 3.30338E-1 2.19694E-1 1.53213E-1 1.55979E-1 2.34108E-1 3.77085E-1 4.59787E-1 7.22084E-1 7.50108E-1 6.35604E-1 6.76528E-1 6.92692E-1 -9999 -9999 -9999 -9999 -9999
2.46083E-1 2.18752E-1 2.10691E-1 2.20923E-1 2.65295E-1 2.90107E-1 2.79047E-1 3.4721E-1 4.12894E-1 4.21015E-1 3.67193E-1 3.21438E-1 2.9591E-1 3.23289E-1 4.18959E-1 6.17649E-1 3.62785E-1 1.763E-1 8.85037E-2 6.53253E-2 1.56991E-1 2.61104E-1 2.95419E-1 4.0201E-1 7.56468E-1 8.46928E-1 6.34709E-1 6.94704E-1 -9999 -9999 -9999 -9999 -9999
4.07977E-1 3.51578E-1 3.05618E-1 2.85907E-1 2.60288E-1 2.1343E-1 2.18063E-1 2.36996E-1 2.73817E-1 3.0983E-1 3.2108E-1 3.69134E-1 4.44103E-1 4.49395E-1 3.36963E-1 3.47233E-1 5.0986E-1 3.94707E-1 2.19546E-1 1.84955E-1 2.0461E-1 3.29888E-1 2.91714E-1 3.61303E-1 6.63243E-1 7.5353E-1 8.23518E-1 8.64572E-1 -9999 -9999 -9999 -9999 -9999
3.6935E-1 3.10486E-1 2.84648E-1 2.61839E-1 2.30618E-1 1.93994E-1 1.8229E-1 1.80608E-1 1.9923E-1 2.89739E-1 3.41675E-1 3.88045E-1 4.52477E-1 4.38715E-1 3.83408E-1 3.42943E-1 3.28708E-1 2.14092E-1 4.50885E-1 4.30406E-1 5.75508E-1 6.58634E-1 6.81826E-1 6.33753E-1 5.36596E-1 6.77952E-1 7.8176E-1 8.63946E-1 -9999 -9999 -9999 -9999 -9999
3.00281E-1 2.9163E-1 2.74823E-1 1.72633E-1 1.81485E-1 1.79293E-1 1.82573E-1 1.65687E-1 1.82104E-1 2.64404E-1 3.31993E-1 3.74923E-1 3.99696E-1 4.15627E-1 4.22347E-1 4.73682E-1 4.30069E-1 4.2832E-1 5.21553E-1 6.45119E-1 6.99019E-1 7.77718E-1 6.82903E-1 5.25411E-1 2.96882E-1 2.61173E-1 4.68972E-1 7.70685E-1 -9999 -9999 -9999 -9999 -9999
2.27341E-1 2.45367E-1 2.22019E-1 1.4183E-1 1.46007E-1 1.62334E-1 1.87962E-1 1.87848E-1 1.74709E-1 2.0733E-1 2.78133E-1 3.44643E-1 3.8211E-1 4.2232E-1 4.23458E-1 4.41892E-1 4.65299E-1 5.79201E-1 4.43746E-1 3.80236E-1 5.18642E-1 3.7602E-1 6.38388E-1 3.45275E-1 1.60668E-1 -9999 -9999 3.34153E-1 -9999 -9999 -9999 -9999 -9999
1.71758E-1 2.18235E-1 2.42379E-1 2.43959E-1 2.68043E-1 3.1092E-1 3.3273E-1 2.77082E-1 1.97578E-1 1.63848E-1 2.01316E-1 2.3038E-1 3.13027E-1 3.48919E-1 3.81317E-1 3.96749E-1 4.25693E-1 4.49111E-1 4.10828E-1 3.84241E-1 3.56025E-1 3.13272E-1 2.17641E-1 2.55785E-1 -9999 -9999 -9999 -9999 -9999 -9999 -9999 -9999 -9999
2.29253E-1 1.89385E-1 1.60158E-1 1.72308E-1 1.98777E-1 2.61366E-1 3.09384E-1 3.1547E-1 2.53433E-1 2.13845E-1 1.72994E-1 1.70122E-1 1.99239E-1 2.32119E-1 2.76598E-1 3.43607E-1 4.13343E-1 4.78423E-1 6.09044E-1 7.25235E-1 6.2083E-1 4.5752E-1 2.79728E-1 4.12111E-1 9.95802E-2 -9999 -9999 -9999 -9999 -9999 -9999 -9999 -9999
2.67953E-1 2.27184E-1 1.79323E-1 2.3235E-1 2.15156E-1 2.28824E-1 2.94338E-1 3.55922E-1 3.63373E-1 3.79754E-1 3.45967E-1 2.12996E-1 1.95868E-1 2.93167E-1 2.45552E-1 3.308E-1 4.8173E-1 6.46388E-1 4.04305E-1 5.7526E-1 4.54629E-1 4.10492E-1 4.27327E-1 6.59263E-1 2.47421E-1 -9999 4.42924E-1 6.94869E-1 -9999 -9999 -9999 -9999 -9999
