analysis/maxent/KPC/projections/KPC_envonly.asc
ncols         33
nrows         25
xllcorner     198.0
yllcorner     19.0
cellsize      0.25
NODATA_value  -9999
7.21585E-1 5.38735E-1 5.82342E-1 6.72853E-1 6.57054E-1 6.1108E-1 6.87467E-1 6.84952E-1 6.65984E-1 5.69915E-1 7.2542E-1 7.81463E-1 8.14354E-1 8.21303E-1 8.19431E-1 6.93867E-1 5.60767E-1 5.02199E-1 6.08353E-1 5.75747E-1 5.20645E-1 6.09448E-1 6.37259E-1 7.97756E-1 8.29936E-1 6.58965E-1 7.63399E-1 8.58195E-1 -9999 -9999 -9999 -9999 -9999
8.42994E-1 8.34959E-1 8.30136E-1 7.83763E-1 8.15731E-1 7.62532E-1 6.56677E-1 5.34429E-1 5.47734E-1 5.87603E-1 7.31914E-1 7.92066E-1 7.60412E-1 8.00873E-1 7.00387E-1 5.9877E-1 5.60822E-1 5.84177E-1 5.4773E-1 6.42147E-1 6.40319E-1 5.98931E-1 5.97202E-1 7.26727E-1 6.90505E-1 6.50266E-1 7.49907E-1 8.76962E-1 -9999 -9999 -9999 -9999 -9999
8.87134E-1 8.81946E-1 9.05346E-1 6.43852E-1 6.16213E-1 7.98171E-1 7.39955E-1 6.39772E-1 6.72228E-1 7.25897E-1 7.52243E-1 7.55172E-1 7.08111E-1 7.08308E-1 6.00631E-1 5.63885E-1 5.77126E-1 5.52872E-1 5.82109E-1 6.2349E-1 6.65656E-1 6.91907E-1 6.98882E-1 6.70485E-1 6.63127E-1 6.77692E-1 6.63515E-1 6.17503E-1 -9999 -9999 -9999 -9999 -9999
6.58351E-1 6.65305E-1 6.43957E-1 7.97277E-1 6.54904E-1 7.90784E-1 7.8006E-1 7.20865E-1 7.27387E-1 7.42389E-1 6.60249E-1 6.20125E-1 6.12971E-1 6.22436E-1 5.35098E-1 5.01593E-1 5.55543E-1 5.79313E-1 6.15131E-1 6.93161E-1 6.90568E-1 6.62069E-1 6.77348E-1 7.11068E-1 6.62474E-1 6.76217E-1 6.23559E-1 5.76293E-1 -9999 -9999 -9999 -9999 -9999
6.37451E-1 6.50521E-1 6.39675E-1 7.54764E-1 8.65378E-1 9.10251E-1 8.66592E-1 8.39301E-1 7.95609E-1 7.45382E-1 6.41948E-1 6.94162E-1 5.83698E-1 5.73885E-1 4.80644E-1 5.30414E-1 5.808E-1 6.00411E-1 6.4491E-1 7.20255E-1 7.32876E-1 7.51903E-1 7.43965E-1 7.63193E-1 7.0928E-1 7.18148E-1 6.08564E-1 6.69688E-1 -9999 -9999 -9999 -9999 -9999
6.47295E-1 6.58572E-1 6.06182E-1 6.69674E-1 8.70491E-1 8.89491E-1 8.71144E-1 8.64882E-1 8.67134E-1 8.47948E-1 6.68439E-1 6.69819E-1 6.359E-1 5.78293E-1 5.01439E-1 4.93253E-1 5.63919E-1 6.29404E-1 6.79489E-1 7.70899E-1 7.76423E-1 7.79385E-1 7.65277E-1 7.45231E-1 7.0278E-1 6.92462E-1 6.54986E-1 6.10858E-1 -9999 -9999 -9999 -9999 -9999
8.1428E-1 7.86313E-1 6.51792E-1 5.92373E-1 8.58579E-1 8.63632E-1 8.52574E-1 8.38696E-1 8.35681E-1 8.44588E-1 8.48581E-1 7.90048E-1 6.99948E-1 6.1086E-1 5.08892E-1 5.22944E-1 5.57979E-1 6.17836E-1 6.682E-1 7.17475E-1 7.63211E-1 7.70271E-1 7.61645E-1 7.27528E-1 7.26286E-1 7.08663E-1 6.94078E-1 6.65184E-1 -9999 -9999 -9999 -9999 -9999
8.03926E-1 8.35613E-1 7.37367E-1 5.62312E-1 8.49585E-1 8.51524E-1 8.36132E-1 8.15841E-1 8.09039E-1 8.17067E-1 8.36212E-1 8.39678E-1 7.99717E-1 5.75559E-1 5.9287E-1 5.68038E-1 5.61828E-1 6.13378E-1 6.70097E-1 7.1494E-1 7.47238E-1 7.47602E-1 7.49907E-1 7.27859E-1 7.30656E-1 7.37396E-1 7.24015E-1 6.90921E-1 -9999 -9999 -9999 -9999 -9999
5.38135E-1 7.55107E-1 8.4977E-1 5.9718E-1 5.39685E-1 6.1399E-1 8.43502E-1 8.20857E-1 8.0729E-1 8.08406E-1 8.20589E-1 8.26847E-1 8.31641E-1 7.68555E-1 6.05721E-1 5.771E-1 5.51143E-1 5.92625E-1 6.37917E-1 6.75479E-1 6.98646E-1 7.0058E-1 7.10453E-1 6.88532E-1 7.78146E-1 7.45965E-1 7.3678E-1 7.10196E-1 -9999 -9999 -9999 -9999 -9999
7.60394E-1 8.04373E-1 8.3382E-1 7.6122E-1 8.12739E-1 5.35181E-1 8.1086E-1 8.36968E-1 8.03444E-1 5.20531E-1 5.30763E-1 5.1796E-1 5.27617E-1 7.41537E-1 8.31978E-1 7.42833E-1 6.55723E-1 5.66276E-1 5.51569E-1 5.81545E-1 6.03893E-1 6.21102E-1 6.37838E-1 6.46256E-1 6.80013E-1 6.75404E-1 7.15767E-1 6.87752E-1 -9999 -9999 -9999 -9999 -9999
7.45382E-1 6.62429E-1 7.24167E-1 7.05394E-1 7.60263E-1 5.259E-1 6.64299E-1 6.22173E-1 5.78125E-1 8.14592E-1 8.75569E-1 8.70324E-1 7.04897E-1 6.2932E-1 8.35226E-1 8.36317E-1 8.32513E-1 7.76437E-1 6.68635E-1 5.32853E-1 5.19932E-1 5.42565E-1 5.78913E-1 5.88348E-1 6.15881E-1 6.21394E-1 6.2885E-1 6.3332E-1 -9999 -9999 -9999 -9999 -9999
4.64475E-1 4.40348E-1 4.66556E-1 5.45301E-1 5.54695E-1 4.88737E-1 5.67769E-1 7.61854E-1 8.28428E-1 7.81078E-1 7.80378E-1 8.57261E-1 7.2797E-1 5.40866E-1 8.15629E-1 8.21381E-1 8.2276E-1 8.1993E-1 7.29186E-1 5.208E-1 4.97093E-1 6.57226E-1 6.21292E-1 5.62588E-1 5.3483E-1 5.3843E-1 5.54638E-1 5.67378E-1 -9999 -9999 -9999 -9999 -9999
3.77626E-1 3.96995E-1 3.74494E-1 3.90278E-1 4.33736E-1 5.83169E-1 6.86977E-1 6.09878E-1 5.10992E-1 -9999 -9999 8.11098E-1 8.56452E-1 8.39873E-1 6.1443E-1 5.85438E-1 5.1791E-1 5.46187E-1 5.39413E-1 6.75889E-1 4.88774E-1 7.99954E-1 7.87005E-1 8.06456E-1 8.29183E-1 8.25483E-1 6.38368E-1 5.5074E-1 -9999 -9999 -9999 -9999 -9999
3.44787E-1 3.54128E-1 3.31061E-1 3.46812E-1 4.36084E-1 5.20628E-1 4.6059E-1 3.689E-1 5.36791E-1 4.87415E-1 5.99313E-1 8.12946E-1 8.09288E-1 7.4862E-1 7.83602E-1 7.77647E-1 7.97843E-1 8.61246E-1 8.02734E-1 6.54416E-1 5.89857E-1 6.93742E-1 6.70987E-1 6.77173E-1 6.85167E-1 6.97058E-1 7.88333E-1 8.44989E-1 -9999 -9999 -9999 -9999 -9999
3.05286E-1 3.38534E-1 3.01224E-1 2.87001E-1 4.19557E-1 4.3266E-1 4.47423E-1 5.50499E-1 6.64546E-1 6.91543E-1 7.34204E-1 7.86062E-1 8.21531E-1 7.50285E-1 6.23015E-1 4.13949E-1 4.61778E-1 7.50277E-1 8.27542E-1 8.47752E-1 6.71404E-1 7.92257E-1 6.64591E-1 6.70689E-1 6.84624E-1 7.00727E-1 7.14699E-1 7.26566E-1 -9999 -9999 -9999 -9999 -9999
2.63812E-1 2.67443E-1 2.42547E-1 2.46956E-1 3.02546E-1 3.58657E-1 2.88017E-1 3.08724E-1 4.30082E-1 6.20798E-1 6.93241E-1 4.39222E-1 4.34374E-1 7.35396E-1 6.44588E-1 3.85333E-1 2.94924E-1 4.28095E-1 5.6809E-1 7.25604E-1 7.92977E-1 7.99961E-1 8.53741E-1 4.97685E-1 8.07856E-1 7.18666E-1 7.34679E-1 7.36366E-1 -9999 -9999 -9999 -9999 -9999
3.00582E-1 2.422E-1 2.02274E-1 1.84187E-1 1.71959E-1 2.23565E-1 1.89551E-1 2.31378E-1 2.44086E-1 2.34872E-1 2.93252E-1 2.04646E-1 2.71745E-1 5.41565E-1 6.61248E-1 5.74988E-1 3.85828E-1 3.36496E-1 3.02404E-1 2.76787E-1 2.90698E-1 3.86543E-1 4.58161E-1 7.45509E-1 7.80985E-1 6.60403E-1 7.07397E-1 7.21623E-1 -9999 -9999 -9999 -9999 -9999
3.46887E-1 2.89661E-1 2.14173E-1 2.00653E-1 2.21967E-1 2.40023E-1 2.1451E-1 2.27285E-1 2.30969E-1 1.93331E-1 1.60975E-1 1.47331E-1 1.82458E-1 2.97288E-1 4.1896E-1 6.15346E-1 4.43791E-1 3.243E-1 4.37424E-1 3.57638E-1 2.65725E-1 2.82105E-1 2.68383E-1 3.52675E-1 6.95287E-1 8.10838E-1 6.20028E-1 7.01006E-1 -9999 -9999 -9999 -9999 -9999
5.4089E-1 4.76554E-1 2.85083E-1 2.15749E-1 1.92137E-1 1.65639E-1 1.50979E-1 1.41809E-1 1.43818E-1 1.3179E-1 1.20636E-1 1.41998E-1 1.94916E-1 2.5607E-1 2.2343E-1 2.3359E-1 4.26209E-1 3.17557E-1 4.06203E-1 3.6701E-1 3.05289E-1 3.51958E-1 2.69724E-1 2.90216E-1 5.54998E-1 6.6583E-1 7.70727E-1 8.39153E-1 -9999 -9999 -9999 -9999 -9999
5.81338E-1 4.31604E-1 2.64052E-1 1.91105E-1 1.80039E-1 1.54383E-1 1.34915E-1 1.15623E-1 1.12438E-1 1.13808E-1 1.1996E-1 1.34965E-1 1.67795E-1 1.86892E-1 1.78693E-1 1.61584E-1 1.50136E-1 1.10069E-1 4.07878E-1 4.47676E-1 5.88036E-1 6.43068E-1 6.26972E-1 5.56863E-1 4.04599E-1 5.20119E-1 6.80748E-1 8.27424E-1 -9999 -9999 -9999 -9999 -9999
5.39922E-1 3.61134E-1 2.66904E-1 1.44631E-1 1.40573E-1 1.3817E-1 1.2155E-1 1.12671E-1 1.06719E-1 1.09233E-1 1.16102E-1 1.26194E-1 1.41872E-1 1.51164E-1 1.60806E-1 1.92729E-1 1.64164E-1 1.87579E-1 2.93969E-1 4.57111E-1 6.7085E-1 7.61182E-1 6.05212E-1 4.10121E-1 1.80021E-1 1.70171E-1 3.41032E-1 6.93499E-1 -9999 -9999 -9999 -9999 -9999
3.68398E-1 3.14632E-1 2.04307E-1 1.20791E-1 1.21222E-1 1.3518E-1 1.3795E-1 1.35029E-1 1.41322E-1 1.37725E-1 1.54211E-1 1.49245E-1 1.44684E-1 1.56212E-1 1.68866E-1 1.77223E-1 1.82777E-1 2.81193E-1 2.24577E-1 2.53695E-1 4.92577E-1 3.80192E-1 6.33886E-1 3.2948E-1 9.64287E-2 -9999 -9999 2.92792E-1 -9999 -9999 -9999 -9999 -9999
2.48507E-1 2.5455E-1 2.52422E-1 2.48282E-1 2.479E-1 2.62924E-1 2.63301E-1 2.4418E-1 2.14913E-1 1.74113E-1 1.80826E-1 1.64732E-1 1.68736E-1 1.44267E-1 1.81984E-1 1.75962E-1 2.0404E-1 2.39693E-1 2.4741E-1 2.78771E-1 3.30729E-1 3.70354E-1 3.1825E-1 4.79133E-1 -9999 -9999 -9999 -9999 -9999 -9999 -9999 -9999 -9999
2.55195E-1 2.02706E-1 1.61936E-1 1.75882E-1 1.83435E-1 2.30723E-1 2.8009E-1 3.26387E-1 3.02222E-1 2.11315E-1 1.39215E-1 1.33954E-1 1.45553E-1 1.35723E-1 1.84001E-1 2.05755E-1 2.55448E-1 3.46858E-1 5.11904E-1 6.58432E-1 6.13155E-1 5.27542E-1 4.1577E-1 6.11691E-1 1.53825E-1 -9999 -9999 -9999 -9999 -9999 -9999 -9999 -9999
1.84798E-1 1.60714E-1 1.50916E-1 1.92616E-1 1.6986E-1 1.84227E-1 2.37564E-1 2.95928E-1 2.88848E-1 2.19016E-1 1.75659E-1 1.20736E-1 1.22945E-1 1.86302E-1 1.89358E-1 2.18593E-1 3.33228E-1 5.12997E-1 3.45036E-1 5.36889E-1 4.40239E-1 4.18354E-1 4.52077E-1 6.84598E-1 2.47733E-1 -9999 5.10562E-1 7.34532E-1 -9999 -9999 -9999 -9999 -9999
