analysis/maxent/MCB/2015_2/d2c.asc
ncols         24
nrows         23
xllcorner     -160.646264043509
yllcorner     18.5647826907947
cellsize      0.25
NODATA_value  -9999
2.35025E-1 2.11417E-1 1.86099E-1 1.61835E-1 1.47274E-1 1.4155E-1 1.31154E-1 1.18374E-1 8.92055E-2 5.77697E-2 4.84336E-2 4.58859E-2 4.89099E-2 5.48541E-2 -9999 -9999 -9999 -9999 -9999 -9999 -9999 -9999 -9999 -9999
2.48725E-1 2.47275E-1 2.42864E-1 2.29231E-1 1.87206E-1 1.34052E-1 1.46587E-1 1.36997E-1 1.00469E-1 7.81861E-2 5.70633E-2 4.95444E-2 4.99168E-2 5.36098E-2 -9999 -9999 -9999 -9999 -9999 -9999 -9999 -9999 -9999 -9999
2.50149E-1 2.48292E-1 2.48739E-1 2.47896E-1 2.46041E-1 2.16496E-1 1.91888E-1 1.77871E-1 1.4434E-1 9.23555E-2 8.08669E-2 7.37638E-2 7.07834E-2 7.19659E-2 -9999 -9999 -9999 -9999 -9999 -9999 -9999 -9999 -9999 -9999
2.51756E-1 2.53135E-1 2.49243E-1 2.44569E-1 2.43839E-1 2.46094E-1 2.39399E-1 2.31184E-1 1.71389E-1 1.58437E-1 1.61469E-1 1.48761E-1 1.41094E-1 1.38904E-1 -9999 -9999 -9999 -9999 -9999 -9999 -9999 -9999 -9999 -9999
2.62293E-1 2.54988E-1 2.49148E-1 2.4335E-1 2.45589E-1 2.68294E-1 3.70604E-1 4.39091E-1 2.87363E-1 2.44008E-1 2.72502E-1 2.36626E-1 2.20768E-1 2.13259E-1 -9999 -9999 -9999 -9999 -9999 -9999 -9999 -9999 -9999 -9999
1.9335E-1 2.55376E-1 2.5397E-1 2.45635E-1 1.43267E-1 2.41556E-1 3.00407E-1 4.12898E-1 5.77551E-1 5.53828E-1 4.53591E-1 3.62344E-1 3.0229E-1 2.79673E-1 -9999 -9999 -9999 -9999 -9999 -9999 -9999 -9999 -9999 -9999
1.39709E-1 2.68554E-1 2.17667E-1 1.12448E-1 1.42777E-1 1.83188E-1 2.39151E-1 3.25848E-1 6.70115E-1 6.87617E-1 6.69592E-1 6.14513E-1 5.11532E-1 3.9312E-1 -9999 -9999 -9999 -9999 -9999 -9999 -9999 -9999 -9999 -9999
1.21696E-1 1.17815E-1 1.0658E-1 1.02004E-1 1.01738E-1 1.52135E-1 2.50286E-1 3.8603E-1 7.50296E-1 7.75813E-1 7.72101E-1 7.6533E-1 7.36369E-1 5.7012E-1 -9999 -9999 -9999 -9999 -9999 -9999 -9999 -9999 -9999 -9999
9.41868E-2 5.25392E-2 3.93175E-2 4.84126E-2 5.72216E-2 9.84672E-2 2.2778E-1 3.64856E-1 5.13557E-1 7.55255E-1 8.64309E-1 9.69207E-1 9.12223E-1 5.6907E-1 -9999 -9999 -9999 -9999 -9999 -9999 -9999 -9999 -9999 -9999
5.42019E-2 3.14199E-2 3.40564E-2 5.41713E-2 6.70023E-2 1.16289E-1 2.17383E-1 2.33261E-1 3.40155E-1 5.91003E-1 7.10205E-1 8.7481E-1 9.02039E-1 7.78109E-1 -9999 -9999 -9999 -9999 -9999 -9999 -9999 -9999 -9999 -9999
4.62982E-2 3.88396E-2 5.81756E-2 1.04717E-1 1.26038E-1 1.96944E-1 3.05749E-1 2.62017E-1 3.55629E-1 5.33474E-1 6.91044E-1 8.90941E-1 9.28443E-1 8.75607E-1 -9999 -9999 -9999 -9999 -9999 -9999 -9999 -9999 -9999 -9999
8.18746E-2 9.4043E-2 1.35959E-1 1.80078E-1 2.05286E-1 3.06224E-1 4.77281E-1 4.41548E-1 4.64967E-1 6.05642E-1 7.59018E-1 9.55266E-1 9.2249E-1 7.45362E-1 -9999 -9999 -9999 -9999 -9999 -9999 -9999 -9999 -9999 -9999
1.39518E-1 1.44523E-1 1.83737E-1 2.48159E-1 2.95107E-1 3.70719E-1 5.89146E-1 5.53435E-1 5.04005E-1 6.82551E-1 7.06059E-1 8.02597E-1 7.54427E-1 5.51597E-1 -9999 -9999 -9999 -9999 -9999 -9999 -9999 -9999 -9999 -9999
2.42156E-1 2.1993E-1 2.38882E-1 3.70173E-1 4.27283E-1 4.71854E-1 5.32193E-1 5.33092E-1 5.67341E-1 6.88962E-1 6.41915E-1 5.52023E-1 5.25354E-1 4.12306E-1 -9999 -9999 -9999 -9999 -9999 -9999 -9999 -9999 -9999 -9999
2.27807E-1 2.1073E-1 1.97279E-1 2.79645E-1 3.53034E-1 3.78866E-1 4.14077E-1 4.286E-1 5.21425E-1 6.26555E-1 6.76889E-1 4.95626E-1 4.55669E-1 3.03073E-1 -9999 -9999 -9999 -9999 -9999 -9999 -9999 -9999 -9999 -9999
2.11978E-1 1.85612E-1 1.66311E-1 1.80362E-1 2.6184E-1 3.21075E-1 3.60005E-1 3.98174E-1 4.71144E-1 5.53868E-1 6.46364E-1 6.81358E-1 5.00286E-1 2.51084E-1 -9999 -9999 -9999 -9999 -9999 -9999 -9999 -9999 -9999 -9999
1.98685E-1 1.81079E-1 1.55602E-1 1.41963E-1 1.89835E-1 2.52638E-1 3.11169E-1 3.55705E-1 4.03962E-1 4.33486E-1 4.44362E-1 4.63277E-1 4.08841E-1 3.21895E-1 -9999 -9999 -9999 -9999 -9999 -9999 -9999 -9999 -9999 -9999
1.8776E-1 1.84439E-1 1.61992E-1 1.39224E-1 1.33139E-1 1.78516E-1 2.35411E-1 2.89035E-1 3.19937E-1 3.42439E-1 3.40624E-1 3.40504E-1 3.2166E-1 3.37219E-1 -9999 -9999 -9999 -9999 -9999 -9999 -9999 -9999 -9999 -9999
2.93595E-1 2.57015E-1 2.10755E-1 1.59451E-1 1.32447E-1 1.27218E-1 1.50188E-1 1.9529E-1 2.2888E-1 2.62141E-1 2.74816E-1 2.70445E-1 2.69381E-1 2.7551E-1 -9999 -9999 -9999 -9999 -9999 -9999 -9999 -9999 -9999 -9999
2.78874E-1 2.84761E-1 2.52841E-1 2.13134E-1 1.5032E-1 1.3165E-1 1.23767E-1 1.22164E-1 1.45019E-1 1.63944E-1 1.78244E-1 1.79565E-1 1.64929E-1 1.25597E-1 -9999 -9999 -9999 -9999 -9999 -9999 -9999 -9999 -9999 -9999
-9999 -9999 -9999 -9999 -9999 -9999 -9999 -9999 -9999 -9999 -9999 -9999 -9999 -9999 -9999 -9999 -9999 -9999 -9999 -9999 -9999 -9999 -9999 -9999
-9999 -9999 -9999 -9999 -9999 -9999 -9999 -9999 -9999 -9999 -9999 -9999 -9999 -9999 -9999 -9999 -9999 -9999 -9999 -9999 -9999 -9999 -9999 -9999
-9999 -9999 -9999 -9999 -9999 -9999 -9999 -9999 -9999 -9999 -9999 -9999 -9999 -9999 -9999 -9999 -9999 -9999 -9999 -9999 -9999 -9999 -9999 -9999
