analysis/maxent/MCB/2015_2/d2c.asc
ncols         24
nrows         23
xllcorner     -160.646264043509
yllcorner     18.5647826907947
cellsize      0.25
NODATA_value  -9999
3.24153E-2 3.79946E-2 4.8171E-2 5.26015E-2 5.39375E-2 6.10003E-2 7.47526E-2 9.40714E-2 9.45293E-2 7.69942E-2 7.75829E-2 7.77804E-2 8.1121E-2 7.60341E-2 -9999 -9999 -9999 -9999 -9999 -9999 -9999 -9999 -9999 -9999
3.72816E-2 4.68551E-2 5.30583E-2 5.05245E-2 3.74628E-2 2.52331E-2 3.07663E-2 4.10086E-2 6.11465E-2 7.40514E-2 7.23583E-2 7.2103E-2 7.02063E-2 6.17703E-2 -9999 -9999 -9999 -9999 -9999 -9999 -9999 -9999 -9999 -9999
4.52154E-2 4.4116E-2 4.28674E-2 3.87511E-2 3.60861E-2 3.06044E-2 2.84867E-2 3.34211E-2 4.64982E-2 5.96866E-2 7.16663E-2 8.03728E-2 7.73862E-2 6.58257E-2 -9999 -9999 -9999 -9999 -9999 -9999 -9999 -9999 -9999 -9999
4.03731E-2 3.68682E-2 2.91542E-2 2.38633E-2 2.39555E-2 2.90813E-2 3.73972E-2 4.55989E-2 5.09544E-2 8.36815E-2 1.20273E-1 1.35407E-1 1.3116E-1 1.1294E-1 -9999 -9999 -9999 -9999 -9999 -9999 -9999 -9999 -9999 -9999
3.48068E-2 2.54564E-2 1.92051E-2 1.57113E-2 1.93625E-2 2.99214E-2 7.18053E-2 1.56166E-1 1.41075E-1 1.38221E-1 1.99419E-1 1.92783E-1 1.83563E-1 1.6765E-1 -9999 -9999 -9999 -9999 -9999 -9999 -9999 -9999 -9999 -9999
1.91987E-2 1.99576E-2 1.84954E-2 2.15083E-2 1.43878E-2 4.3106E-2 1.06084E-1 1.93651E-1 3.32862E-1 3.54376E-1 3.27453E-1 2.93513E-1 2.57222E-1 2.25684E-1 -9999 -9999 -9999 -9999 -9999 -9999 -9999 -9999 -9999 -9999
1.27536E-2 2.92786E-2 2.52626E-2 1.37027E-2 2.46414E-2 5.67423E-2 8.34485E-2 1.37999E-1 3.73309E-1 4.27567E-1 5.14909E-1 5.36893E-1 4.87185E-1 3.74911E-1 -9999 -9999 -9999 -9999 -9999 -9999 -9999 -9999 -9999 -9999
1.16788E-2 1.47062E-2 1.80023E-2 2.30075E-2 2.88165E-2 4.8551E-2 8.44003E-2 1.54844E-1 3.75891E-1 4.51376E-1 5.45864E-1 5.95509E-1 6.93557E-1 5.80913E-1 -9999 -9999 -9999 -9999 -9999 -9999 -9999 -9999 -9999 -9999
1.0001E-2 8.37328E-3 8.26955E-3 1.15546E-2 1.81857E-2 2.97176E-2 7.47483E-2 1.29575E-1 2.26733E-1 4.40456E-1 6.36764E-1 8.81142E-1 8.24416E-1 4.73872E-1 -9999 -9999 -9999 -9999 -9999 -9999 -9999 -9999 -9999 -9999
7.0208E-3 6.04611E-3 6.93569E-3 1.30818E-2 1.92588E-2 3.23403E-2 6.75762E-2 7.3444E-2 1.14399E-1 2.71156E-1 4.31576E-1 6.56544E-1 7.38408E-1 6.2022E-1 -9999 -9999 -9999 -9999 -9999 -9999 -9999 -9999 -9999 -9999
7.73283E-3 7.14966E-3 1.10149E-2 2.47396E-2 3.19881E-2 5.47743E-2 9.03979E-2 7.78056E-2 9.45559E-2 1.89187E-1 3.47997E-1 5.93779E-1 7.13135E-1 6.7548E-1 -9999 -9999 -9999 -9999 -9999 -9999 -9999 -9999 -9999 -9999
1.39303E-2 1.67296E-2 2.44876E-2 3.95456E-2 4.98479E-2 7.95751E-2 1.43772E-1 1.31929E-1 1.21611E-1 1.77123E-1 3.05004E-1 5.59438E-1 5.48945E-1 4.09607E-1 -9999 -9999 -9999 -9999 -9999 -9999 -9999 -9999 -9999 -9999
1.89588E-2 2.20646E-2 2.85437E-2 4.20739E-2 5.02227E-2 6.08611E-2 1.1878E-1 1.14025E-1 1.15255E-1 1.99336E-1 2.20222E-1 2.93715E-1 2.71917E-1 1.83846E-1 -9999 -9999 -9999 -9999 -9999 -9999 -9999 -9999 -9999 -9999
2.31683E-2 2.25245E-2 2.5812E-2 4.65301E-2 5.85268E-2 5.93364E-2 6.85046E-2 7.00049E-2 8.43788E-2 1.2273E-1 1.44767E-1 1.48985E-1 1.44413E-1 1.10728E-1 -9999 -9999 -9999 -9999 -9999 -9999 -9999 -9999 -9999 -9999
1.66618E-2 1.70688E-2 1.81122E-2 2.90486E-2 4.48018E-2 4.30781E-2 4.60985E-2 5.06305E-2 7.2034E-2 1.1015E-1 1.41644E-1 1.126E-1 1.08117E-1 7.41347E-2 -9999 -9999 -9999 -9999 -9999 -9999 -9999 -9999 -9999 -9999
1.50026E-2 1.62859E-2 1.85889E-2 2.33931E-2 4.04429E-2 5.18522E-2 5.3753E-2 5.73154E-2 7.54006E-2 1.12608E-1 1.84398E-1 2.40859E-1 1.52034E-1 7.1028E-2 -9999 -9999 -9999 -9999 -9999 -9999 -9999 -9999 -9999 -9999
1.76405E-2 2.27766E-2 2.47892E-2 2.29663E-2 2.99879E-2 4.71351E-2 6.04248E-2 6.4363E-2 7.77958E-2 1.00007E-1 1.19169E-1 1.31601E-1 1.15966E-1 9.04552E-2 -9999 -9999 -9999 -9999 -9999 -9999 -9999 -9999 -9999 -9999
2.83755E-2 2.91777E-2 2.60018E-2 2.21941E-2 2.11074E-2 2.76847E-2 4.27084E-2 5.66848E-2 6.2953E-2 7.79066E-2 8.16982E-2 8.49701E-2 8.26468E-2 9.20587E-2 -9999 -9999 -9999 -9999 -9999 -9999 -9999 -9999 -9999 -9999
4.90012E-2 4.23009E-2 3.45322E-2 2.59461E-2 2.0904E-2 2.01353E-2 2.33494E-2 3.26615E-2 4.18817E-2 5.55413E-2 6.25573E-2 6.37765E-2 6.59748E-2 7.09543E-2 -9999 -9999 -9999 -9999 -9999 -9999 -9999 -9999 -9999 -9999
3.68175E-2 4.63861E-2 4.26892E-2 3.58988E-2 2.49128E-2 2.12422E-2 1.98594E-2 1.98701E-2 2.35225E-2 2.76203E-2 3.28334E-2 3.50777E-2 3.29374E-2 2.48367E-2 -9999 -9999 -9999 -9999 -9999 -9999 -9999 -9999 -9999 -9999
-9999 -9999 -9999 -9999 -9999 -9999 -9999 -9999 -9999 -9999 -9999 -9999 -9999 -9999 -9999 -9999 -9999 -9999 -9999 -9999 -9999 -9999 -9999 -9999
-9999 -9999 -9999 -9999 -9999 -9999 -9999 -9999 -9999 -9999 -9999 -9999 -9999 -9999 -9999 -9999 -9999 -9999 -9999 -9999 -9999 -9999 -9999 -9999
-9999 -9999 -9999 -9999 -9999 -9999 -9999 -9999 -9999 -9999 -9999 -9999 -9999 -9999 -9999 -9999 -9999 -9999 -9999 -9999 -9999 -9999 -9999 -9999
