analysis/maxent/MCB/2015_2/d2c_clamping.asc
ncols         24
nrows         23
xllcorner     -160.646264043509
yllcorner     18.5647826907947
cellsize      0.25
NODATA_value  -9999
2.33879E-1 2.09494E-1 1.83089E-1 1.57399E-1 1.4074E-1 1.31895E-1 1.1822E-1 1.02517E-1 7.40792E-2 4.6142E-2 3.74887E-2 3.49602E-2 3.7401E-2 4.2902E-2 -9999 -9999 -9999 -9999 -9999 -9999 -9999 -9999 -9999 -9999
2.46238E-1 2.42517E-1 2.34308E-1 2.15246E-1 1.68753E-1 1.13954E-1 1.14061E-1 9.51994E-2 6.13213E-2 4.15126E-2 2.69079E-2 2.1915E-2 2.24867E-2 2.65267E-2 -9999 -9999 -9999 -9999 -9999 -9999 -9999 -9999 -9999 -9999
2.45342E-1 2.38947E-1 2.3126E-1 2.1708E-1 1.94979E-1 1.46789E-1 1.01405E-1 6.20893E-2 2.29904E-2 0E0 0E0 0E0 0E0 0E0 -9999 -9999 -9999 -9999 -9999 -9999 -9999 -9999 -9999 -9999
2.42963E-1 2.35513E-1 2.16483E-1 1.87201E-1 1.47613E-1 9.30163E-2 2.09273E-2 0E0 0E0 0E0 0E0 0E0 0E0 0E0 -9999 -9999 -9999 -9999 -9999 -9999 -9999 -9999 -9999 -9999
2.46533E-1 2.24251E-1 1.91921E-1 1.42953E-1 7.48062E-2 0E0 0E0 0E0 0E0 0E0 0E0 0E0 0E0 0E0 -9999 -9999 -9999 -9999 -9999 -9999 -9999 -9999 -9999 -9999
1.75534E-1 2.05803E-1 1.59182E-1 8.07696E-2 0E0 0E0 0E0 0E0 0E0 0E0 0E0 0E0 0E0 0E0 -9999 -9999 -9999 -9999 -9999 -9999 -9999 -9999 -9999 -9999
1.21105E-1 1.90176E-1 9.70909E-2 0E0 0E0 0E0 0E0 0E0 0E0 0E0 0E0 0E0 0E0 0E0 -9999 -9999 -9999 -9999 -9999 -9999 -9999 -9999 -9999 -9999
9.9494E-2 7.28448E-2 2.56406E-2 0E0 0E0 0E0 0E0 0E0 0E0 0E0 0E0 0E0 0E0 0E0 -9999 -9999 -9999 -9999 -9999 -9999 -9999 -9999 -9999 -9999
7.24119E-2 2.70598E-2 3.52821E-4 0E0 0E0 0E0 0E0 0E0 0E0 0E0 0E0 0E0 0E0 0E0 -9999 -9999 -9999 -9999 -9999 -9999 -9999 -9999 -9999 -9999
3.95553E-2 1.32354E-2 0E0 0E0 0E0 0E0 0E0 0E0 0E0 0E0 0E0 0E0 0E0 0E0 -9999 -9999 -9999 -9999 -9999 -9999 -9999 -9999 -9999 -9999
3.26143E-2 1.39747E-2 0E0 0E0 0E0 0E0 0E0 0E0 0E0 0E0 0E0 0E0 0E0 0E0 -9999 -9999 -9999 -9999 -9999 -9999 -9999 -9999 -9999 -9999
5.70434E-2 3.23001E-2 0E0 0E0 0E0 0E0 0E0 0E0 0E0 0E0 0E0 0E0 0E0 0E0 -9999 -9999 -9999 -9999 -9999 -9999 -9999 -9999 -9999 -9999
9.90309E-2 5.49289E-2 0E0 0E0 0E0 0E0 0E0 0E0 0E0 0E0 0E0 0E0 0E0 0E0 -9999 -9999 -9999 -9999 -9999 -9999 -9999 -9999 -9999 -9999
1.78502E-1 9.9845E-2 1.98364E-4 0E0 0E0 0E0 0E0 0E0 0E0 0E0 0E0 0E0 0E0 0E0 -9999 -9999 -9999 -9999 -9999 -9999 -9999 -9999 -9999 -9999
1.8013E-1 1.19024E-1 2.85904E-2 0E0 0E0 0E0 0E0 0E0 0E0 0E0 0E0 0E0 0E0 0E0 -9999 -9999 -9999 -9999 -9999 -9999 -9999 -9999 -9999 -9999
1.79327E-1 1.26602E-1 6.21283E-2 0E0 0E0 0E0 0E0 0E0 0E0 0E0 0E0 0E0 0E0 0E0 -9999 -9999 -9999 -9999 -9999 -9999 -9999 -9999 -9999 -9999
1.77802E-1 1.41918E-1 8.97861E-2 3.00836E-2 0E0 0E0 0E0 0E0 0E0 0E0 0E0 0E0 0E0 0E0 -9999 -9999 -9999 -9999 -9999 -9999 -9999 -9999 -9999 -9999
1.75257E-1 1.59193E-1 1.18972E-1 7.1043E-2 1.90975E-2 0E0 0E0 0E0 0E0 0E0 0E0 0E0 0E0 0E0 -9999 -9999 -9999 -9999 -9999 -9999 -9999 -9999 -9999 -9999
2.81227E-1 2.35454E-1 1.77361E-1 1.14106E-1 6.75899E-2 2.55711E-2 0E0 0E0 0E0 0E0 0E0 0E0 0E0 0E0 -9999 -9999 -9999 -9999 -9999 -9999 -9999 -9999 -9999 -9999
2.724E-1 2.71373E-1 2.3049E-1 1.79653E-1 1.1093E-1 7.6139E-2 4.46735E-2 1.15713E-2 0E0 0E0 0E0 0E0 0E0 0E0 -9999 -9999 -9999 -9999 -9999 -9999 -9999 -9999 -9999 -9999
-9999 -9999 -9999 -9999 -9999 -9999 -9999 -9999 -9999 -9999 -9999 -9999 -9999 -9999 -9999 -9999 -9999 -9999 -9999 -9999 -9999 -9999 -9999 -9999
-9999 -9999 -9999 -9999 -9999 -9999 -9999 -9999 -9999 -9999 -9999 -9999 -9999 -9999 -9999 -9999 -9999 -9999 -9999 -9999 -9999 -9999 -9999 -9999
-9999 -9999 -9999 -9999 -9999 -9999 -9999 -9999 -9999 -9999 -9999 -9999 -9999 -9999 -9999 -9999 -9999 -9999 -9999 -9999 -9999 -9999 -9999 -9999
