analysis/maxent/MCB/2015_2/envonly.asc
ncols         24
nrows         23
xllcorner     -160.646264043509
yllcorner     18.5647826907947
cellsize      0.25
NODATA_value  -9999
8.72137E-2 1.06969E-1 1.33297E-1 1.571E-1 1.67934E-1 2.01218E-1 2.68533E-1 3.62749E-1 3.95739E-1 4.25213E-1 4.84895E-1 5.01367E-1 4.88294E-1 4.87222E-1 -9999 -9999 -9999 -9999 -9999 -9999 -9999 -9999 -9999 -9999
1.24693E-1 1.48212E-1 1.67289E-1 1.48267E-1 1.02512E-1 6.48301E-2 7.6217E-2 1.17425E-1 2.35316E-1 3.27892E-1 4.24044E-1 4.95127E-1 5.2E-1 5.36192E-1 -9999 -9999 -9999 -9999 -9999 -9999 -9999 -9999 -9999 -9999
1.64354E-1 1.60273E-1 1.45394E-1 1.24607E-1 1.06472E-1 8.1091E-2 7.43217E-2 8.80185E-2 1.3713E-1 2.37929E-1 3.35077E-1 4.1433E-1 4.44171E-1 4.01071E-1 -9999 -9999 -9999 -9999 -9999 -9999 -9999 -9999 -9999 -9999
1.58706E-1 1.32389E-1 1.03208E-1 8.49009E-2 7.97466E-2 8.81534E-2 1.04451E-1 1.029E-1 9.75114E-2 2.2835E-1 2.60718E-1 3.18176E-1 3.51006E-1 3.39233E-1 -9999 -9999 -9999 -9999 -9999 -9999 -9999 -9999 -9999 -9999
1.07873E-1 8.93422E-2 6.82488E-2 5.8397E-2 6.55446E-2 9.52745E-2 1.56362E-1 2.29154E-1 1.55113E-1 1.94076E-1 2.25201E-1 2.5404E-1 2.83592E-1 2.90956E-1 -9999 -9999 -9999 -9999 -9999 -9999 -9999 -9999 -9999 -9999
5.06548E-2 7.5388E-2 6.42291E-2 5.51796E-2 3.43348E-2 6.86523E-2 1.29077E-1 1.78488E-1 3.07048E-1 3.10387E-1 2.74823E-1 2.52027E-1 2.49659E-1 2.64144E-1 -9999 -9999 -9999 -9999 -9999 -9999 -9999 -9999 -9999 -9999
3.45904E-2 8.7921E-2 7.13554E-2 6.06482E-2 1.48193E-1 2.73246E-1 2.21978E-1 1.38483E-1 3.01195E-1 3.45154E-1 3.77067E-1 4.07275E-1 3.74036E-1 2.92083E-1 -9999 -9999 -9999 -9999 -9999 -9999 -9999 -9999 -9999 -9999
4.43764E-2 6.43354E-2 1.10344E-1 2.8362E-1 2.3561E-1 2.5635E-1 2.71049E-1 1.33231E-1 2.71567E-1 3.23382E-1 3.93931E-1 4.75659E-1 5.38157E-1 4.21329E-1 -9999 -9999 -9999 -9999 -9999 -9999 -9999 -9999 -9999 -9999
1.00294E-1 1.68557E-1 1.86872E-1 1.08263E-1 5.71016E-2 1.43959E-1 2.55759E-1 2.24094E-1 1.2162E-1 1.76497E-1 2.45063E-1 4.48708E-1 4.10655E-1 3.55266E-1 -9999 -9999 -9999 -9999 -9999 -9999 -9999 -9999 -9999 -9999
1.38738E-1 1.25637E-1 1.04424E-1 9.6731E-2 6.39757E-2 1.46747E-1 2.2587E-1 2.04677E-1 2.16322E-1 3.32706E-1 4.13012E-1 5.21242E-1 4.46218E-1 4.50309E-1 -9999 -9999 -9999 -9999 -9999 -9999 -9999 -9999 -9999 -9999
1.76453E-1 1.64927E-1 1.85366E-1 2.04911E-1 1.86482E-1 2.24147E-1 2.55527E-1 2.04112E-1 1.57488E-1 1.46635E-1 1.27536E-1 2.67645E-1 4.26869E-1 5.40259E-1 -9999 -9999 -9999 -9999 -9999 -9999 -9999 -9999 -9999 -9999
2.44988E-1 1.98429E-1 1.62413E-1 2.34424E-1 2.49747E-1 2.46879E-1 1.30025E-1 2.57445E-1 1.9647E-1 1.21275E-1 5.13482E-2 7.97417E-2 1.77664E-1 2.9062E-1 -9999 -9999 -9999 -9999 -9999 -9999 -9999 -9999 -9999 -9999
7.32055E-2 8.14042E-2 8.51773E-2 8.89784E-2 1.06998E-1 9.03088E-2 6.32012E-2 8.12608E-2 2.10086E-1 2.08224E-1 9.09292E-2 7.27732E-2 7.1792E-2 7.04237E-2 -9999 -9999 -9999 -9999 -9999 -9999 -9999 -9999 -9999 -9999
7.30092E-2 7.07865E-2 7.80066E-2 7.54415E-2 5.40476E-2 4.11307E-2 3.64809E-2 4.34061E-2 7.30565E-2 1.47911E-1 1.56664E-1 9.28821E-2 9.73242E-2 1.10183E-1 -9999 -9999 -9999 -9999 -9999 -9999 -9999 -9999 -9999 -9999
4.87167E-2 5.04789E-2 5.4543E-2 5.75952E-2 5.07752E-2 4.15716E-2 4.55615E-2 6.28678E-2 5.67694E-2 5.36515E-2 1.07591E-1 2.01574E-1 2.06793E-1 1.75834E-1 -9999 -9999 -9999 -9999 -9999 -9999 -9999 -9999 -9999 -9999
4.31026E-2 4.94465E-2 6.21937E-2 7.38572E-2 7.57952E-2 7.34838E-2 7.53902E-2 7.58805E-2 6.51381E-2 6.52627E-2 9.38896E-2 1.20424E-1 1.62807E-1 2.15358E-1 -9999 -9999 -9999 -9999 -9999 -9999 -9999 -9999 -9999 -9999
5.45912E-2 7.77731E-2 9.32423E-2 9.08779E-2 9.42433E-2 1.02376E-1 1.02485E-1 9.2977E-2 8.98612E-2 1.0752E-1 1.26912E-1 1.1533E-1 1.51982E-1 2.35847E-1 -9999 -9999 -9999 -9999 -9999 -9999 -9999 -9999 -9999 -9999
1.01795E-1 1.01332E-1 9.17549E-2 8.54821E-2 9.1369E-2 1.02436E-1 1.08934E-1 1.08884E-1 1.09577E-1 1.27607E-1 1.45331E-1 1.4928E-1 1.62487E-1 1.21822E-1 -9999 -9999 -9999 -9999 -9999 -9999 -9999 -9999 -9999 -9999
1.77266E-1 1.48095E-1 1.16207E-1 8.71323E-2 8.45001E-2 9.41335E-2 1.08993E-1 1.2166E-1 1.27439E-1 1.26206E-1 1.26715E-1 1.34793E-1 1.31717E-1 1.10737E-1 -9999 -9999 -9999 -9999 -9999 -9999 -9999 -9999 -9999 -9999
1.7246E-1 1.71215E-1 1.43442E-1 1.16888E-1 8.24591E-2 8.34051E-2 1.00261E-1 1.1168E-1 1.15849E-1 1.28567E-1 1.2002E-1 1.22203E-1 1.43914E-1 2.31257E-1 -9999 -9999 -9999 -9999 -9999 -9999 -9999 -9999 -9999 -9999
-9999 -9999 -9999 -9999 -9999 -9999 -9999 -9999 -9999 -9999 -9999 -9999 -9999 -9999 -9999 -9999 -9999 -9999 -9999 -9999 -9999 -9999 -9999 -9999
-9999 -9999 -9999 -9999 -9999 -9999 -9999 -9999 -9999 -9999 -9999 -9999 -9999 -9999 -9999 -9999 -9999 -9999 -9999 -9999 -9999 -9999 -9999 -9999
-9999 -9999 -9999 -9999 -9999 -9999 -9999 -9999 -9999 -9999 -9999 -9999 -9999 -9999 -9999 -9999 -9999 -9999 -9999 -9999 -9999 -9999 -9999 -9999
