analysis/maxent/MCB/2015_2/envonly.asc
ncols         24
nrows         23
xllcorner     -160.646264043509
yllcorner     18.5647826907947
cellsize      0.25
NODATA_value  -9999
7.14957E-1 6.59247E-1 5.9789E-1 5.30571E-1 4.85363E-1 4.73846E-1 4.50294E-1 4.23869E-1 3.3095E-1 2.67488E-1 2.74864E-1 2.64144E-1 2.57652E-1 2.95049E-1 -9999 -9999 -9999 -9999 -9999 -9999 -9999 -9999 -9999 -9999
7.8347E-1 7.77551E-1 7.67432E-1 7.08871E-1 5.92588E-1 4.18555E-1 4.66781E-1 4.45553E-1 3.4737E-1 3.03538E-1 2.88566E-1 3.09988E-1 3.30826E-1 4.30901E-1 -9999 -9999 -9999 -9999 -9999 -9999 -9999 -9999 -9999 -9999
7.88168E-1 7.887E-1 7.83867E-1 7.80397E-1 7.73743E-1 6.72235E-1 6.07855E-1 5.6489E-1 4.71796E-1 3.3935E-1 3.33E-1 3.28714E-1 3.55676E-1 3.90974E-1 -9999 -9999 -9999 -9999 -9999 -9999 -9999 -9999 -9999 -9999
7.93212E-1 7.87145E-1 7.87551E-1 7.89491E-1 7.85128E-1 7.77375E-1 7.26313E-1 5.80095E-1 3.87988E-1 4.44021E-1 3.56846E-1 3.53486E-1 3.81589E-1 4.12508E-1 -9999 -9999 -9999 -9999 -9999 -9999 -9999 -9999 -9999 -9999
7.71848E-1 7.85762E-1 7.88864E-1 7.92643E-1 7.8637E-1 7.87006E-1 7.86467E-1 7.53917E-1 4.01017E-1 4.11247E-1 3.49499E-1 3.48306E-1 3.74556E-1 4.08394E-1 -9999 -9999 -9999 -9999 -9999 -9999 -9999 -9999 -9999 -9999
5.54625E-1 7.91619E-1 7.86464E-1 7.06408E-1 3.99204E-1 4.32706E-1 4.33879E-1 5.36615E-1 7.21568E-1 6.39438E-1 4.8081E-1 3.55514E-1 3.35621E-1 3.66184E-1 -9999 -9999 -9999 -9999 -9999 -9999 -9999 -9999 -9999 -9999
4.01986E-1 7.66394E-1 6.23148E-1 4.948E-1 7.16009E-1 7.63926E-1 7.09355E-1 4.69388E-1 7.62933E-1 7.48062E-1 6.5712E-1 5.91987E-1 4.74298E-1 3.3967E-1 -9999 -9999 -9999 -9999 -9999 -9999 -9999 -9999 -9999 -9999
4.51569E-1 4.77041E-1 5.65102E-1 7.88794E-1 7.22465E-1 7.67703E-1 7.88947E-1 4.91187E-1 7.83685E-1 7.65861E-1 7.39657E-1 7.23844E-1 6.92981E-1 4.85493E-1 -9999 -9999 -9999 -9999 -9999 -9999 -9999 -9999 -9999 -9999
7.07269E-1 7.07932E-1 6.34619E-1 5.25189E-1 4.51888E-1 5.9232E-1 7.8765E-1 7.48454E-1 4.55564E-1 4.70567E-1 4.80363E-1 6.91922E-1 5.65685E-1 4.57781E-1 -9999 -9999 -9999 -9999 -9999 -9999 -9999 -9999 -9999 -9999
7.02537E-1 5.31342E-1 5.33803E-1 5.46393E-1 4.99934E-1 6.17796E-1 7.57164E-1 7.18148E-1 7.43958E-1 7.83082E-1 7.79517E-1 8.1542E-1 7.12837E-1 6.73017E-1 -9999 -9999 -9999 -9999 -9999 -9999 -9999 -9999 -9999 -9999
6.60663E-1 6.27344E-1 6.9587E-1 7.45063E-1 7.00903E-1 7.58982E-1 8.00669E-1 7.15233E-1 6.52911E-1 6.23588E-1 5.82486E-1 6.59045E-1 7.59633E-1 8.10847E-1 -9999 -9999 -9999 -9999 -9999 -9999 -9999 -9999 -9999 -9999
7.91979E-1 7.34622E-1 6.77087E-1 7.80598E-1 7.86388E-1 7.75771E-1 5.18055E-1 7.87237E-1 6.93769E-1 5.96957E-1 5.02543E-1 5.37996E-1 6.05029E-1 6.63815E-1 -9999 -9999 -9999 -9999 -9999 -9999 -9999 -9999 -9999 -9999
4.2254E-1 4.11992E-1 4.13104E-1 4.74128E-1 6.21137E-1 6.01242E-1 4.31139E-1 5.21162E-1 7.39792E-1 6.9275E-1 5.19019E-1 5.04351E-1 5.1051E-1 5.01722E-1 -9999 -9999 -9999 -9999 -9999 -9999 -9999 -9999 -9999 -9999
6.12748E-1 5.63019E-1 5.78703E-1 5.64552E-1 4.66202E-1 4.1618E-1 4.05911E-1 4.77725E-1 6.49156E-1 7.77235E-1 6.5015E-1 4.83302E-1 4.96977E-1 5.15827E-1 -9999 -9999 -9999 -9999 -9999 -9999 -9999 -9999 -9999 -9999
5.64566E-1 5.24606E-1 4.95897E-1 4.7271E-1 4.19185E-1 4.26193E-1 5.0241E-1 6.44477E-1 5.53092E-1 4.46308E-1 6.21459E-1 7.25234E-1 7.10092E-1 6.31947E-1 -9999 -9999 -9999 -9999 -9999 -9999 -9999 -9999 -9999 -9999
5.17543E-1 4.54493E-1 4.21371E-1 4.11891E-1 4.11488E-1 4.497E-1 5.24887E-1 5.78841E-1 4.97653E-1 4.22547E-1 4.29459E-1 4.5848E-1 6.28921E-1 7.06684E-1 -9999 -9999 -9999 -9999 -9999 -9999 -9999 -9999 -9999 -9999
4.84903E-1 4.52397E-1 4.16021E-1 4.2541E-1 4.37077E-1 4.59456E-1 4.94299E-1 5.11846E-1 4.91852E-1 4.98642E-1 5.24252E-1 4.83656E-1 6.27175E-1 7.89243E-1 -9999 -9999 -9999 -9999 -9999 -9999 -9999 -9999 -9999 -9999
4.73551E-1 4.80246E-1 4.36554E-1 4.33629E-1 4.53691E-1 4.87331E-1 4.92633E-1 5.10572E-1 5.29215E-1 5.44626E-1 6.08925E-1 6.25802E-1 6.72627E-1 5.38032E-1 -9999 -9999 -9999 -9999 -9999 -9999 -9999 -9999 -9999 -9999
7.65641E-1 6.92557E-1 5.85543E-1 4.4837E-1 4.54718E-1 4.81493E-1 5.19106E-1 5.42536E-1 5.63602E-1 5.48554E-1 5.60161E-1 5.94722E-1 5.77154E-1 4.87543E-1 -9999 -9999 -9999 -9999 -9999 -9999 -9999 -9999 -9999 -9999
8.2871E-1 8.1403E-1 7.20945E-1 6.29934E-1 4.55447E-1 4.55968E-1 5.05053E-1 5.24399E-1 5.25954E-1 5.83506E-1 5.64714E-1 5.80869E-1 6.55132E-1 7.95946E-1 -9999 -9999 -9999 -9999 -9999 -9999 -9999 -9999 -9999 -9999
-9999 -9999 -9999 -9999 -9999 -9999 -9999 -9999 -9999 -9999 -9999 -9999 -9999 -9999 -9999 -9999 -9999 -9999 -9999 -9999 -9999 -9999 -9999 -9999
-9999 -9999 -9999 -9999 -9999 -9999 -9999 -9999 -9999 -9999 -9999 -9999 -9999 -9999 -9999 -9999 -9999 -9999 -9999 -9999 -9999 -9999 -9999 -9999
-9999 -9999 -9999 -9999 -9999 -9999 -9999 -9999 -9999 -9999 -9999 -9999 -9999 -9999 -9999 -9999 -9999 -9999 -9999 -9999 -9999 -9999 -9999 -9999
