analysis/maxent/LEH/2015_2/crw.asc
ncols         24
nrows         22
xllcorner     -163.028494180372
yllcorner     19.3009582783358
cellsize      0.25
NODATA_value  -9999
-9999 -9999 -9999 -9999 -9999 -9999 -9999 -9999 -9999 -9999 -9999 -9999 -9999 -9999 -9999 -9999 -9999 -9999 -9999 -9999 -9999 -9999 -9999 -9999
-9999 -9999 -9999 -9999 -9999 -9999 -9999 -9999 -9999 -9999 -9999 -9999 -9999 -9999 -9999 -9999 -9999 -9999 -9999 -9999 -9999 -9999 -9999 -9999
-9999 -9999 -9999 -9999 -9999 1.11167E-1 9.22972E-2 8.59897E-2 8.81645E-2 1.20037E-1 1.32007E-1 2.15642E-1 2.60998E-1 2.47189E-1 2.28422E-1 3.01048E-1 2.66706E-1 3.41918E-1 2.72331E-1 2.54596E-1 2.53137E-1 2.56796E-1 -9999 -9999
-9999 -9999 -9999 -9999 -9999 9.26683E-2 6.20356E-2 8.30343E-2 1.36349E-1 1.64975E-1 1.99456E-1 2.52502E-1 2.65666E-1 2.1076E-1 1.13246E-1 1.17972E-1 1.41566E-1 2.20103E-1 2.40478E-1 2.49423E-1 2.49473E-1 2.50232E-1 2.55434E-1 -9999
-9999 -9999 -9999 -9999 -9999 6.56067E-2 5.55844E-2 7.4145E-2 2.03273E-1 2.36684E-1 2.42762E-1 2.90055E-1 2.59143E-1 2.24493E-1 1.53446E-1 1.27946E-1 1.33656E-1 1.87888E-1 2.16744E-1 2.20705E-1 2.40308E-1 2.46009E-1 2.42668E-1 -9999
-9999 -9999 -9999 -9999 -9999 4.16353E-2 5.27423E-2 7.43148E-2 2.3076E-1 2.49617E-1 2.23535E-1 2.28027E-1 1.81839E-1 1.66562E-1 1.78482E-1 1.7993E-1 1.9809E-1 1.93437E-1 1.59954E-1 1.8826E-1 2.19646E-1 2.29258E-1 2.24785E-1 -9999
-9999 -9999 -9999 -9999 -9999 2.28288E-2 4.82141E-2 7.47145E-2 9.15383E-2 1.47868E-1 1.93873E-1 1.48832E-1 1.18438E-1 1.27124E-1 1.77366E-1 2.79799E-1 3.94322E-1 3.56751E-1 2.09016E-1 2.3273E-1 2.17418E-1 2.09388E-1 2.06425E-1 -9999
-9999 -9999 -9999 -9999 -9999 3.47806E-2 4.92136E-2 4.49134E-2 6.18565E-2 1.10771E-1 1.58044E-1 1.51059E-1 1.44627E-1 9.71978E-2 1.32565E-1 1.86415E-1 1.70705E-1 3.46798E-1 4.38523E-1 3.85107E-1 3.30077E-1 2.81348E-1 2.59863E-1 -9999
-9999 -9999 -9999 -9999 -9999 7.40138E-2 5.9791E-2 2.92623E-2 4.47331E-2 8.71356E-2 2.1281E-1 2.94169E-1 1.71736E-1 2.72661E-1 3.03481E-1 2.01132E-1 1.68489E-1 2.1375E-1 4.12654E-1 4.62688E-1 4.84203E-1 4.65972E-1 4.00843E-1 -9999
-9999 -9999 -9999 -9999 -9999 8.3996E-2 7.93973E-2 5.2902E-2 9.84806E-2 1.93108E-1 3.03499E-1 3.76557E-1 4.32063E-1 3.29442E-1 1.86513E-1 1.54295E-1 2.05271E-1 2.2286E-1 3.65593E-1 4.30251E-1 4.77124E-1 5.44873E-1 5.4298E-1 -9999
-9999 -9999 -9999 -9999 -9999 9.6256E-2 6.80666E-2 7.09695E-2 1.40599E-1 2.53777E-1 3.63195E-1 4.9977E-1 3.7007E-1 1.6369E-1 9.37983E-2 1.4545E-1 1.57535E-1 1.28384E-1 1.60613E-1 2.03685E-1 3.22318E-1 4.44883E-1 2.96956E-1 -9999
-9999 -9999 -9999 -9999 -9999 7.35694E-2 5.48302E-2 5.15868E-2 9.75891E-2 2.10234E-1 3.02287E-1 4.69453E-1 3.89304E-1 1.92499E-1 1.22691E-1 1.411E-1 8.92619E-2 6.02177E-2 1.03424E-1 1.19106E-1 1.49483E-1 2.06106E-1 2.26153E-1 -9999
-9999 -9999 -9999 -9999 -9999 5.72477E-2 6.43703E-2 6.48713E-2 1.06271E-1 1.23888E-1 2.45909E-1 3.53017E-1 3.97694E-1 2.78093E-1 2.04133E-1 1.43337E-1 9.11867E-2 5.07896E-2 4.0933E-2 3.8687E-2 4.66228E-2 8.88555E-2 1.50106E-1 -9999
-9999 -9999 -9999 -9999 -9999 4.80851E-2 5.5964E-2 5.83859E-2 9.35865E-2 1.72632E-1 3.09334E-1 3.65287E-1 4.05542E-1 3.12402E-1 1.79007E-1 1.48623E-1 1.16871E-1 8.03024E-2 4.5751E-2 2.62541E-2 2.33936E-2 3.44232E-2 5.60933E-2 -9999
-9999 -9999 -9999 -9999 -9999 5.27664E-2 6.23296E-2 6.72649E-2 7.50713E-2 1.19478E-1 1.99779E-1 1.99071E-1 1.86483E-1 1.47061E-1 1.00501E-1 8.69862E-2 2.01365E-1 7.49402E-2 6.87603E-2 3.30518E-2 2.01876E-2 1.94189E-2 2.09655E-2 -9999
-9999 -9999 -9999 -9999 -9999 5.35848E-2 6.46262E-2 9.79202E-2 1.16355E-1 1.3391E-1 1.17041E-1 1.2408E-1 1.45076E-1 1.55679E-1 9.11534E-2 7.32256E-2 5.18626E-2 5.19415E-2 5.64096E-2 4.42681E-2 2.85916E-2 1.97429E-2 2.63708E-2 -9999
-9999 -9999 -9999 -9999 -9999 1.1715E-1 1.00702E-1 1.1086E-1 9.9957E-2 8.69757E-2 8.65649E-2 9.39801E-2 1.03688E-1 1.05605E-1 7.94715E-2 6.09176E-2 5.79543E-2 5.57478E-2 6.31577E-2 5.95069E-2 7.30245E-2 5.84441E-2 5.80827E-2 -9999
-9999 -9999 -9999 -9999 -9999 8.72731E-2 6.93304E-2 6.03227E-2 5.8101E-2 5.83217E-2 6.54152E-2 9.78693E-2 1.12821E-1 1.08288E-1 1.00271E-1 6.96424E-2 5.94351E-2 5.42497E-2 6.23536E-2 8.19568E-2 1.15588E-1 9.66557E-2 8.04176E-2 -9999
-9999 -9999 -9999 -9999 -9999 9.24328E-2 7.26456E-2 4.91466E-2 5.19262E-2 6.57456E-2 8.89196E-2 8.875E-2 8.39297E-2 9.29632E-2 7.49876E-2 7.61839E-2 7.36749E-2 6.96202E-2 7.9761E-2 8.10279E-2 8.296E-2 8.34559E-2 8.11974E-2 -9999
-9999 -9999 -9999 -9999 -9999 1.15682E-1 8.8987E-2 4.9706E-2 6.26E-2 8.99944E-2 9.93682E-2 9.24228E-2 7.85172E-2 7.2238E-2 7.22868E-2 7.37344E-2 7.58864E-2 7.56885E-2 7.78551E-2 7.83629E-2 7.93274E-2 7.89081E-2 8.19701E-2 -9999
-9999 -9999 -9999 -9999 -9999 1.36624E-1 1.82516E-1 1.64079E-1 1.82566E-1 1.81279E-1 1.77868E-1 1.34853E-1 1.02703E-1 7.44543E-2 7.01033E-2 7.2022E-2 7.2876E-2 7.49242E-2 7.58594E-2 7.70353E-2 7.78931E-2 7.88575E-2 -9999 -9999
-9999 -9999 -9999 -9999 -9999 1.13E-1 9.94985E-2 1.09215E-1 1.08883E-1 1.36858E-1 1.7394E-1 1.7219E-1 1.36899E-1 1.03128E-1 7.28967E-2 7.12627E-2 7.18807E-2 7.43582E-2 7.50699E-2 7.53956E-2 7.64795E-2 -9999 -9999 -9999
