analysis/maxent/LEH/2015_2/crw.asc
ncols         24
nrows         22
xllcorner     -163.028494180372
yllcorner     19.3009582783358
cellsize      0.25
NODATA_value  -9999
-9999 -9999 -9999 -9999 -9999 -9999 -9999 -9999 -9999 -9999 -9999 -9999 -9999 -9999 -9999 -9999 -9999 -9999 -9999 -9999 -9999 -9999 -9999 -9999
-9999 -9999 -9999 -9999 -9999 -9999 -9999 -9999 -9999 -9999 -9999 -9999 -9999 -9999 -9999 -9999 -9999 -9999 -9999 -9999 -9999 -9999 -9999 -9999
-9999 -9999 -9999 -9999 -9999 2.63245E-1 3.2978E-1 4.32112E-1 5.12652E-1 6.23848E-1 5.02804E-1 4.56347E-1 3.86133E-1 3.40319E-1 3.10398E-1 3.48611E-1 2.60993E-1 2.61636E-1 1.6446E-1 1.35181E-1 1.23572E-1 1.2201E-1 -9999 -9999
-9999 -9999 -9999 -9999 -9999 2.89522E-1 2.93679E-1 3.96995E-1 5.67207E-1 6.32606E-1 6.15908E-1 5.70514E-1 5.43258E-1 4.93179E-1 3.36847E-1 3.44002E-1 3.28044E-1 2.81894E-1 2.04892E-1 1.53542E-1 1.35514E-1 1.30819E-1 1.40063E-1 -9999
-9999 -9999 -9999 -9999 -9999 2.83269E-1 2.90269E-1 3.17368E-1 5.90293E-1 6.37322E-1 6.25964E-1 7.06643E-1 6.9871E-1 6.95912E-1 5.67138E-1 4.85353E-1 4.18578E-1 3.64228E-1 2.48755E-1 1.76577E-1 1.5317E-1 1.46643E-1 1.53502E-1 -9999
-9999 -9999 -9999 -9999 -9999 2.29415E-1 2.84692E-1 3.07983E-1 6.10901E-1 6.50579E-1 6.50223E-1 7.30337E-1 7.44078E-1 7.42599E-1 7.26579E-1 6.04868E-1 4.84947E-1 3.31477E-1 2.18985E-1 1.92724E-1 1.72692E-1 1.63744E-1 1.69405E-1 -9999
-9999 -9999 -9999 -9999 -9999 1.54941E-1 2.72453E-1 3.56759E-1 3.84568E-1 5.57699E-1 7.41404E-1 7.49989E-1 7.60815E-1 7.57344E-1 7.43749E-1 7.20419E-1 6.54413E-1 5.18644E-1 2.82705E-1 2.41916E-1 1.98835E-1 1.77283E-1 1.79729E-1 -9999
-9999 -9999 -9999 -9999 -9999 1.89789E-1 2.6766E-1 2.86893E-1 4.32244E-1 6.70946E-1 8.29594E-1 8.72059E-1 8.2601E-1 5.97258E-1 5.20875E-1 4.56141E-1 3.38674E-1 5.05326E-1 5.59449E-1 4.4039E-1 3.28831E-1 2.45702E-1 2.15345E-1 -9999
-9999 -9999 -9999 -9999 -9999 2.82328E-1 2.83247E-1 2.37757E-1 4.23561E-1 6.59456E-1 9.15726E-1 9.65384E-1 7.97291E-1 8.59469E-1 7.55132E-1 5.20102E-1 3.52574E-1 3.72733E-1 6.49843E-1 5.8455E-1 4.85748E-1 4.03217E-1 3.13352E-1 -9999
-9999 -9999 -9999 -9999 -9999 3.01214E-1 3.63157E-1 3.6223E-1 7.16536E-1 9.54585E-1 9.83511E-1 9.79739E-1 9.61304E-1 8.7355E-1 5.80031E-1 4.27181E-1 4.77171E-1 4.40937E-1 6.67325E-1 6.23223E-1 5.91185E-1 5.53624E-1 4.61888E-1 -9999
-9999 -9999 -9999 -9999 -9999 3.84657E-1 3.92125E-1 5.44403E-1 8.69189E-1 9.77833E-1 9.83258E-1 9.87056E-1 9.25573E-1 6.92535E-1 4.3556E-1 4.57413E-1 4.25791E-1 2.99849E-1 2.84841E-1 2.80463E-1 3.61138E-1 4.19269E-1 2.67551E-1 -9999
-9999 -9999 -9999 -9999 -9999 4.21067E-1 3.98774E-1 4.43551E-1 6.79679E-1 9.22457E-1 9.30578E-1 9.78449E-1 9.48758E-1 7.5635E-1 5.86003E-1 5.04007E-1 3.05328E-1 1.95083E-1 2.26067E-1 1.89055E-1 1.83269E-1 2.13537E-1 2.14385E-1 -9999
-9999 -9999 -9999 -9999 -9999 4.36197E-1 5.23904E-1 5.02395E-1 6.07878E-1 5.82761E-1 8.49071E-1 9.30748E-1 9.50139E-1 8.65826E-1 7.01134E-1 4.89558E-1 3.21316E-1 1.97649E-1 1.41106E-1 1.01204E-1 9.33024E-2 1.29727E-1 1.77072E-1 -9999
-9999 -9999 -9999 -9999 -9999 4.24273E-1 4.59449E-1 4.07847E-1 4.74392E-1 6.24675E-1 8.85348E-1 9.41057E-1 9.58943E-1 8.72696E-1 6.0765E-1 5.05735E-1 3.9771E-1 2.84133E-1 1.83507E-1 1.16522E-1 8.9863E-2 8.94849E-2 1.12528E-1 -9999
-9999 -9999 -9999 -9999 -9999 4.0026E-1 4.13738E-1 3.97248E-1 4.11266E-1 5.10831E-1 6.81591E-1 6.67852E-1 6.32151E-1 5.60733E-1 4.78318E-1 4.6743E-1 8.04691E-1 3.87184E-1 2.5542E-1 1.43111E-1 9.94463E-2 9.24594E-2 8.79019E-2 -9999
-9999 -9999 -9999 -9999 -9999 3.38412E-1 3.92452E-1 5.2635E-1 5.91087E-1 6.74212E-1 6.05106E-1 5.82394E-1 6.11498E-1 6.55644E-1 5.02582E-1 4.80761E-1 3.82839E-1 3.66327E-1 3.51507E-1 2.34881E-1 1.31936E-1 1.00413E-1 1.18978E-1 -9999
-9999 -9999 -9999 -9999 -9999 5.92191E-1 5.86118E-1 6.17135E-1 6.18358E-1 5.85218E-1 5.47747E-1 5.12751E-1 4.93836E-1 4.82806E-1 3.94944E-1 3.71964E-1 3.64744E-1 3.58376E-1 3.50581E-1 3.01804E-1 2.66442E-1 2.1846E-1 2.12817E-1 -9999
-9999 -9999 -9999 -9999 -9999 5.71248E-1 5.42667E-1 5.23019E-1 4.98071E-1 4.68497E-1 4.24748E-1 4.44467E-1 4.19729E-1 4.07616E-1 3.75216E-1 3.06483E-1 3.01566E-1 3.00951E-1 3.05183E-1 3.20492E-1 3.81128E-1 3.23887E-1 2.76016E-1 -9999
-9999 -9999 -9999 -9999 -9999 6.48824E-1 5.87761E-1 4.67411E-1 4.37196E-1 4.26357E-1 4.07588E-1 3.64948E-1 3.39093E-1 3.49057E-1 3.09847E-1 3.07451E-1 3.04825E-1 3.04354E-1 3.03554E-1 3.00374E-1 3.00365E-1 2.96907E-1 2.86158E-1 -9999
-9999 -9999 -9999 -9999 -9999 6.78904E-1 5.60507E-1 3.57703E-1 3.3604E-1 3.81246E-1 4.12437E-1 3.8733E-1 3.3732E-1 3.10484E-1 3.08209E-1 3.06589E-1 3.06607E-1 3.03911E-1 3.02158E-1 2.98827E-1 2.96412E-1 2.90375E-1 2.92904E-1 -9999
-9999 -9999 -9999 -9999 -9999 6.92224E-1 6.4571E-1 6.01412E-1 6.62494E-1 6.44499E-1 6.33945E-1 5.23962E-1 4.26165E-1 3.25656E-1 3.08381E-1 3.07731E-1 3.03482E-1 3.03705E-1 3.01518E-1 3.00327E-1 2.97923E-1 2.95134E-1 -9999 -9999
-9999 -9999 -9999 -9999 -9999 6.7846E-1 6.68573E-1 6.74171E-1 6.72737E-1 6.87969E-1 6.65821E-1 6.23004E-1 5.31337E-1 4.28635E-1 3.17374E-1 3.08726E-1 3.0363E-1 3.05061E-1 3.0222E-1 2.99281E-1 2.97907E-1 -9999 -9999 -9999
