analysis/maxent/LEH/2015_2/d2c.asc
ncols         24
nrows         22
xllcorner     -163.028494180372
yllcorner     19.3009582783358
cellsize      0.25
NODATA_value  -9999
-9999 -9999 -9999 -9999 -9999 1.74225E-1 1.99017E-1 1.29265E-1 1.25522E-1 2.15532E-1 1.94125E-1 1.38459E-1 1.38034E-1 1.41103E-1 1.42098E-1 1.34074E-1 9.85334E-2 9.44739E-2 6.73583E-2 5.55381E-2 5.23251E-2 4.20187E-2 4.65315E-2 4.35223E-2
-9999 -9999 -9999 -9999 -9999 9.81638E-2 1.18804E-1 1.67172E-1 1.13395E-1 1.74469E-1 1.78101E-1 1.55697E-1 1.36276E-1 1.45073E-1 1.21723E-1 1.06435E-1 9.28027E-2 9.12796E-2 6.61961E-2 5.07338E-2 4.31214E-2 4.19855E-2 4.54313E-2 4.80816E-2
-9999 -9999 -9999 -9999 -9999 9.90473E-2 1.32469E-1 1.75105E-1 2.10454E-1 2.61656E-1 2.49654E-1 2.39124E-1 1.97343E-1 1.58358E-1 1.26101E-1 1.40538E-1 1.04521E-1 1.0197E-1 6.25597E-2 4.79869E-2 4.19421E-2 4.20464E-2 4.58874E-2 5.28431E-2
-9999 -9999 -9999 -9999 -9999 1.0733E-1 1.17134E-1 2.16305E-1 3.70551E-1 4.26814E-1 4.48785E-1 4.46167E-1 4.3023E-1 3.78076E-1 2.37562E-1 2.08512E-1 1.52249E-1 1.14373E-1 8.02323E-2 5.91867E-2 4.73976E-2 4.40658E-2 4.74732E-2 5.20346E-2
-9999 -9999 -9999 -9999 -9999 1.09028E-1 1.74391E-1 2.57557E-1 5.30928E-1 5.62396E-1 5.82831E-1 5.88386E-1 5.84593E-1 5.65984E-1 5.27252E-1 4.16344E-1 3.0318E-1 2.09984E-1 1.0072E-1 6.87706E-2 5.58431E-2 5.14705E-2 5.37577E-2 6.29982E-2
-9999 -9999 -9999 -9999 -9999 1.02761E-1 2.19636E-1 3.32741E-1 6.43969E-1 6.71534E-1 6.94605E-1 7.06166E-1 6.96956E-1 6.75299E-1 6.42599E-1 5.90908E-1 4.61745E-1 2.69441E-1 1.25685E-1 7.1899E-2 6.51709E-2 5.93092E-2 6.04249E-2 6.65348E-2
-9999 -9999 -9999 -9999 -9999 9.37685E-2 2.27391E-1 3.63755E-1 4.57306E-1 6.59886E-1 7.96528E-1 8.0408E-1 7.89248E-1 7.66571E-1 7.33497E-1 6.75976E-1 5.90201E-1 4.33592E-1 1.85697E-1 1.16047E-1 7.60037E-2 6.67625E-2 6.59614E-2 6.92064E-2
-9999 -9999 -9999 -9999 -9999 1.36437E-1 2.5957E-1 2.43236E-1 3.15399E-1 5.40966E-1 8.85966E-1 9.04167E-1 8.98685E-1 6.60423E-1 5.47299E-1 5.12608E-1 3.8714E-1 4.79368E-1 4.37803E-1 2.52931E-1 1.15093E-1 7.6925E-2 6.89211E-2 7.00256E-2
-9999 -9999 -9999 -9999 -9999 2.78078E-1 3.39324E-1 2.25436E-1 2.87022E-1 7.08618E-1 9.91656E-1 9.96634E-1 9.13888E-1 7.28392E-1 4.73684E-1 3.69244E-1 3.34759E-1 4.02218E-1 4.88501E-1 3.66807E-1 2.20969E-1 1.25203E-1 9.67351E-2 7.41237E-2
-9999 -9999 -9999 -9999 -9999 3.98763E-1 4.65961E-1 5.08508E-1 6.75257E-1 9.20844E-1 9.87764E-1 9.94615E-1 9.74043E-1 7.45395E-1 4.83458E-1 3.42459E-1 3.64886E-1 4.93757E-1 5.29373E-1 4.03277E-1 2.48749E-1 1.44314E-1 1.37115E-1 7.72508E-2
-9999 -9999 -9999 -9999 -9999 4.76386E-1 5.49251E-1 6.2231E-1 8.3538E-1 9.67749E-1 9.92195E-1 9.88532E-1 9.34752E-1 6.40378E-1 3.69757E-1 3.10822E-1 3.43943E-1 3.09825E-1 2.96399E-1 2.20512E-1 1.87621E-1 1.27761E-1 7.83966E-2 5.1047E-2
-9999 -9999 -9999 -9999 -9999 5.08173E-1 5.63908E-1 6.18629E-1 8.26766E-1 8.94306E-1 9.60728E-1 9.85219E-1 9.44505E-1 7.04935E-1 4.36911E-1 3.45797E-1 2.60379E-1 1.54741E-1 1.309E-1 8.92311E-2 5.81594E-2 4.44716E-2 4.94503E-2 5.11628E-2
-9999 -9999 -9999 -9999 -9999 5.11658E-1 5.73878E-1 6.14095E-1 7.39666E-1 7.09318E-1 8.7901E-1 9.34E-1 9.39197E-1 7.88726E-1 5.52493E-1 4.30134E-1 3.191E-1 1.54629E-1 9.21139E-2 5.10082E-2 3.02138E-2 2.32132E-2 3.14012E-2 4.7596E-2
-9999 -9999 -9999 -9999 -9999 4.71856E-1 5.50817E-1 5.85194E-1 6.09054E-1 7.0298E-1 8.80915E-1 9.5066E-1 9.26007E-1 7.6073E-1 5.36174E-1 5.09558E-1 4.85033E-1 2.13687E-1 1.08414E-1 5.41004E-2 2.82402E-2 1.99447E-2 2.16397E-2 2.43697E-2
-9999 -9999 -9999 -9999 -9999 4.1208E-1 4.9884E-1 5.48988E-1 5.86128E-1 6.78363E-1 7.77426E-1 8.50206E-1 7.97846E-1 6.43814E-1 5.10472E-1 5.16049E-1 6.66119E-1 2.97413E-1 1.37475E-1 6.67602E-2 2.92944E-2 2.27999E-2 2.09711E-2 1.9886E-2
-9999 -9999 -9999 -9999 -9999 3.67025E-1 4.97711E-1 6.17132E-1 7.26021E-1 8.28703E-1 7.8403E-1 7.91957E-1 7.90087E-1 7.40611E-1 6.30861E-1 5.8151E-1 4.21005E-1 3.09455E-1 2.07412E-1 9.25647E-2 3.26554E-2 2.53482E-2 2.8857E-2 2.55971E-2
-9999 -9999 -9999 -9999 -9999 5.04513E-1 6.00896E-1 6.43991E-1 6.75016E-1 6.84966E-1 6.74394E-1 6.51361E-1 6.21866E-1 5.73566E-1 4.6988E-1 3.88132E-1 3.0923E-1 2.34078E-1 1.9753E-1 1.25874E-1 7.4325E-2 5.32496E-2 5.1515E-2 3.24753E-2
-9999 -9999 -9999 -9999 -9999 3.7538E-1 4.50608E-1 5.22406E-1 5.51331E-1 5.60799E-1 5.40685E-1 4.96321E-1 4.57522E-1 4.22166E-1 3.71087E-1 3.09787E-1 2.40294E-1 1.85221E-1 1.36658E-1 1.37311E-1 1.63797E-1 1.3408E-1 7.92176E-2 3.69546E-2
-9999 -9999 -9999 -9999 -9999 3.13624E-1 3.42872E-1 3.43791E-1 3.76936E-1 4.10818E-1 4.1868E-1 3.83853E-1 3.38099E-1 3.08131E-1 2.67764E-1 2.22138E-1 1.73485E-1 1.22284E-1 1.21815E-1 1.16177E-1 1.17256E-1 1.10977E-1 9.0967E-2 7.30872E-2
-9999 -9999 -9999 -9999 -9999 3.08896E-1 2.72086E-1 1.67065E-1 1.79102E-1 2.45744E-1 2.82836E-1 2.71504E-1 2.28574E-1 1.98823E-1 1.63582E-1 1.26444E-1 1.25783E-1 1.20554E-1 1.17948E-1 1.11891E-1 1.07943E-1 9.69073E-2 1.03052E-1 1.15687E-1
-9999 -9999 -9999 -9999 -9999 2.88079E-1 3.06502E-1 2.89371E-1 2.9736E-1 2.92021E-1 2.88378E-1 2.34625E-1 1.8631E-1 1.38484E-1 1.26531E-1 1.26158E-1 1.17886E-1 1.1938E-1 1.1565E-1 1.14146E-1 1.10146E-1 1.05487E-1 1.13572E-1 1.19347E-1
-9999 -9999 -9999 -9999 -9999 2.72238E-1 2.65401E-1 2.66798E-1 2.62586E-1 2.67125E-1 2.78492E-1 2.78642E-1 2.33005E-1 1.83481E-1 1.3371E-1 1.29945E-1 1.17802E-1 1.2194E-1 1.16736E-1 1.11442E-1 1.09603E-1 1.05659E-1 9.19722E-2 6.86071E-2
