analysis/maxent/LEH/2015_2/d2c.asc
ncols         24
nrows         22
xllcorner     -163.028494180372
yllcorner     19.3009582783358
cellsize      0.25
NODATA_value  -9999
-9999 -9999 -9999 -9999 -9999 7.91282E-2 8.82927E-2 4.66946E-2 2.57481E-2 3.94092E-2 4.64498E-2 5.54347E-2 9.01068E-2 1.24197E-1 1.50843E-1 1.78199E-1 1.62284E-1 1.75566E-1 1.34811E-1 1.16747E-1 1.12816E-1 9.00173E-2 9.98374E-2 8.78425E-2
-9999 -9999 -9999 -9999 -9999 4.63487E-2 4.34516E-2 3.44145E-2 1.59696E-2 2.55635E-2 3.9586E-2 6.81188E-2 9.42309E-2 1.17375E-1 1.11746E-1 1.15825E-1 1.22423E-1 1.46054E-1 1.20593E-1 9.85655E-2 8.52001E-2 8.36412E-2 8.85181E-2 8.75831E-2
-9999 -9999 -9999 -9999 -9999 3.39004E-2 3.12416E-2 2.97407E-2 3.04987E-2 3.84225E-2 5.31786E-2 8.92286E-2 1.036E-1 9.08976E-2 7.53109E-2 9.66064E-2 8.63924E-2 1.09744E-1 8.72815E-2 8.00715E-2 7.59485E-2 7.81504E-2 8.15108E-2 7.87334E-2
-9999 -9999 -9999 -9999 -9999 2.74533E-2 2.11067E-2 3.80872E-2 7.54686E-2 9.50947E-2 1.27505E-1 1.85722E-1 1.99495E-1 1.502E-1 7.54837E-2 6.25761E-2 5.51353E-2 7.28474E-2 7.66673E-2 7.98217E-2 7.7343E-2 7.43785E-2 7.38392E-2 6.25205E-2
-9999 -9999 -9999 -9999 -9999 2.02082E-2 2.9391E-2 6.00036E-2 1.84062E-1 1.99436E-1 2.19436E-1 2.18095E-1 2.01367E-1 1.72058E-1 1.54269E-1 1.18723E-1 9.26312E-2 8.6872E-2 7.06456E-2 6.87896E-2 7.20885E-2 7.19101E-2 6.88898E-2 6.25169E-2
-9999 -9999 -9999 -9999 -9999 1.77696E-2 4.19962E-2 8.54321E-2 2.54571E-1 2.59458E-1 2.52676E-1 2.24027E-1 1.73869E-1 1.53397E-1 1.59366E-1 1.86237E-1 1.99071E-1 1.44134E-1 7.1223E-2 5.55257E-2 6.6025E-2 6.67733E-2 6.35149E-2 5.72254E-2
-9999 -9999 -9999 -9999 -9999 1.69848E-2 4.17397E-2 7.85181E-2 1.20372E-1 2.12293E-1 2.35422E-1 1.9419E-1 1.51531E-1 1.53634E-1 1.91547E-1 2.51109E-1 3.27918E-1 2.75462E-1 1.18676E-1 7.97566E-2 6.63734E-2 6.27266E-2 6.00606E-2 5.51862E-2
-9999 -9999 -9999 -9999 -9999 2.78115E-2 4.99164E-2 4.38011E-2 5.35555E-2 1.01667E-1 2.21723E-1 2.01026E-1 2.24961E-1 1.48528E-1 1.71248E-1 2.37977E-1 2.09883E-1 3.15371E-1 3.16634E-1 1.81213E-1 9.21991E-2 7.15289E-2 6.46232E-2 5.78739E-2
-9999 -9999 -9999 -9999 -9999 6.92908E-2 7.43623E-2 3.64342E-2 3.97226E-2 1.09036E-1 3.83822E-1 4.64874E-1 2.66037E-1 2.06525E-1 1.72081E-1 1.51785E-1 1.68834E-1 2.43417E-1 2.88345E-1 2.64639E-1 1.7138E-1 1.22776E-1 1.03768E-1 7.20482E-2
-9999 -9999 -9999 -9999 -9999 1.08505E-1 1.06208E-1 8.74672E-2 9.72194E-2 1.98093E-1 3.63013E-1 5.00716E-1 4.9107E-1 2.66236E-1 1.51016E-1 1.37308E-1 1.66025E-1 2.71507E-1 2.66933E-1 2.58989E-1 1.60388E-1 1.21116E-1 1.50715E-1 8.37405E-2
-9999 -9999 -9999 -9999 -9999 1.14229E-1 1.09328E-1 1.03225E-1 1.4029E-1 2.63509E-1 4.29446E-1 5.29758E-1 4.0448E-1 2.06956E-1 1.11718E-1 1.071E-1 1.37176E-1 1.36509E-1 1.63868E-1 1.58772E-1 1.48936E-1 1.14669E-1 7.91149E-2 4.98362E-2
-9999 -9999 -9999 -9999 -9999 9.30122E-2 9.23682E-2 9.40303E-2 1.43893E-1 2.15187E-1 3.6992E-1 5.03781E-1 4.13057E-1 2.19334E-1 1.16779E-1 9.87518E-2 8.75394E-2 5.77422E-2 6.55553E-2 6.04292E-2 4.17303E-2 3.46283E-2 4.1895E-2 4.4752E-2
-9999 -9999 -9999 -9999 -9999 7.25003E-2 8.46317E-2 9.78188E-2 1.3844E-1 1.67362E-1 2.91899E-1 3.63023E-1 3.88881E-1 2.50388E-1 1.49161E-1 1.29729E-1 9.83177E-2 4.59939E-2 3.28648E-2 2.62228E-2 1.65645E-2 1.44873E-2 2.29993E-2 3.67935E-2
-9999 -9999 -9999 -9999 -9999 5.67183E-2 7.95079E-2 1.01087E-1 1.32198E-1 1.79111E-1 2.87586E-1 3.85426E-1 3.53528E-1 2.25281E-1 1.40656E-1 1.54918E-1 1.522E-1 6.06031E-2 2.98989E-2 1.65111E-2 9.69105E-3 8.13581E-3 1.04453E-2 1.44941E-2
-9999 -9999 -9999 -9999 -9999 5.15422E-2 7.58537E-2 9.75216E-2 1.22046E-1 1.81987E-1 2.27832E-1 2.81227E-1 2.45873E-1 1.77383E-1 1.15285E-1 1.0762E-1 1.59894E-1 5.72846E-2 3.4994E-2 1.57843E-2 7.00325E-3 5.97621E-3 6.3528E-3 6.92501E-3
-9999 -9999 -9999 -9999 -9999 5.45524E-2 8.21246E-2 1.14742E-1 1.52939E-1 2.0005E-1 1.89378E-1 2.12806E-1 2.29292E-1 2.01254E-1 1.35874E-1 1.0053E-1 6.202E-2 4.22941E-2 2.91582E-2 1.4293E-2 6.85439E-3 5.86165E-3 6.73535E-3 6.3411E-3
-9999 -9999 -9999 -9999 -9999 7.68058E-2 9.5732E-2 1.01345E-1 1.07638E-1 1.07114E-1 1.14121E-1 1.26653E-1 1.38299E-1 1.3379E-1 9.11336E-2 6.02528E-2 4.50086E-2 3.18727E-2 2.54487E-2 1.83478E-2 1.47447E-2 1.15532E-2 1.15298E-2 7.18977E-3
-9999 -9999 -9999 -9999 -9999 3.66156E-2 4.56287E-2 5.78469E-2 6.44647E-2 7.19738E-2 8.48585E-2 9.93045E-2 1.07598E-1 9.8467E-2 8.44903E-2 6.27662E-2 3.9776E-2 2.50343E-2 1.99166E-2 2.53969E-2 3.54973E-2 2.94622E-2 1.68388E-2 8.11287E-3
-9999 -9999 -9999 -9999 -9999 2.76176E-2 2.71333E-2 2.7228E-2 3.73527E-2 5.59928E-2 8.1013E-2 8.2386E-2 7.16882E-2 6.46036E-2 5.23436E-2 4.03462E-2 2.79135E-2 1.95967E-2 2.18184E-2 2.19552E-2 2.31969E-2 2.26942E-2 1.91738E-2 1.63186E-2
-9999 -9999 -9999 -9999 -9999 2.95532E-2 2.7555E-2 1.65043E-2 2.19253E-2 3.7406E-2 4.65054E-2 4.62367E-2 3.84531E-2 3.23352E-2 2.58436E-2 2.07511E-2 2.11517E-2 2.01915E-2 2.08766E-2 2.05315E-2 2.05619E-2 1.89823E-2 2.12525E-2 2.55485E-2
-9999 -9999 -9999 -9999 -9999 2.92206E-2 4.93623E-2 4.64707E-2 4.5906E-2 4.88214E-2 4.98084E-2 3.9506E-2 3.11841E-2 2.26769E-2 2.03088E-2 2.05353E-2 1.93051E-2 1.99729E-2 1.99463E-2 2.05358E-2 2.05864E-2 2.03509E-2 2.28879E-2 2.52805E-2
-9999 -9999 -9999 -9999 -9999 2.42566E-2 2.13097E-2 2.34979E-2 2.35259E-2 2.99485E-2 4.30268E-2 4.92723E-2 4.02208E-2 3.14237E-2 2.23288E-2 2.14891E-2 1.93497E-2 2.04796E-2 2.01266E-2 1.99583E-2 2.04833E-2 2.0403E-2 1.81603E-2 1.40646E-2
