analysis/maxent/LEH/2015_2/d2c_clamping.asc
ncols         24
nrows         22
xllcorner     -163.028494180372
yllcorner     19.3009582783358
cellsize      0.25
NODATA_value  -9999
-9999 -9999 -9999 -9999 -9999 1.61237E-1 1.7715E-1 1.10527E-1 1.02222E-1 1.65524E-1 1.44221E-1 1.02092E-1 1.02529E-1 1.07804E-1 1.13345E-1 1.12409E-1 8.67858E-2 8.6555E-2 6.36608E-2 5.36358E-2 5.12606E-2 4.1538E-2 4.62437E-2 4.33837E-2
-9999 -9999 -9999 -9999 -9999 8.26289E-2 9.08638E-2 1.11911E-1 6.60092E-2 8.50262E-2 7.55156E-2 6.21559E-2 5.64255E-2 6.71291E-2 6.62496E-2 6.79784E-2 6.79634E-2 7.42533E-2 5.81989E-2 4.69751E-2 4.126E-2 4.09778E-2 4.485E-2 4.77675E-2
-9999 -9999 -9999 -9999 -9999 6.63222E-2 6.67373E-2 5.36791E-2 2.20416E-2 0E0 0E0 0E0 0E0 0E0 3.32396E-3 3.16078E-2 4.48683E-2 6.17555E-2 4.6825E-2 4.06952E-2 3.82904E-2 4.0044E-2 4.47398E-2 5.21753E-2
-9999 -9999 -9999 -9999 -9999 3.77436E-2 3.42695E-3 0E0 0E0 0E0 0E0 0E0 0E0 0E0 0E0 0E0 0E0 2.54462E-2 4.04873E-2 4.17201E-2 3.95252E-2 4.01351E-2 4.52875E-2 5.08448E-2
-9999 -9999 -9999 -9999 -9999 0E0 0E0 0E0 0E0 0E0 0E0 0E0 0E0 0E0 0E0 0E0 0E0 0E0 9.55043E-3 3.19518E-2 3.92322E-2 4.33805E-2 4.94741E-2 6.05427E-2
-9999 -9999 -9999 -9999 -9999 0E0 0E0 0E0 0E0 0E0 0E0 0E0 0E0 0E0 0E0 0E0 0E0 0E0 0E0 7.10559E-3 3.284E-2 4.39859E-2 5.26414E-2 6.2421E-2
-9999 -9999 -9999 -9999 -9999 0E0 0E0 0E0 0E0 0E0 0E0 0E0 0E0 0E0 0E0 0E0 0E0 0E0 0E0 0E0 1.77567E-2 4.04417E-2 5.31933E-2 6.28843E-2
-9999 -9999 -9999 -9999 -9999 0E0 0E0 0E0 0E0 0E0 0E0 0E0 0E0 0E0 0E0 0E0 0E0 0E0 0E0 0E0 0E0 3.40827E-2 5.03561E-2 6.1253E-2
-9999 -9999 -9999 -9999 -9999 0E0 0E0 0E0 0E0 0E0 0E0 0E0 0E0 0E0 0E0 0E0 0E0 0E0 0E0 0E0 0E0 3.38398E-2 6.2884E-2 6.22978E-2
-9999 -9999 -9999 -9999 -9999 0E0 0E0 0E0 0E0 0E0 0E0 0E0 0E0 0E0 0E0 0E0 0E0 0E0 0E0 0E0 0E0 1.84105E-2 7.93561E-2 6.27215E-2
-9999 -9999 -9999 -9999 -9999 0E0 0E0 0E0 0E0 0E0 0E0 0E0 0E0 0E0 0E0 0E0 0E0 0E0 0E0 0E0 0E0 5.4326E-3 4.28811E-2 4.0695E-2
-9999 -9999 -9999 -9999 -9999 0E0 0E0 0E0 0E0 0E0 0E0 0E0 0E0 0E0 0E0 0E0 0E0 0E0 0E0 0E0 0E0 1.48866E-3 2.70321E-2 4.07151E-2
-9999 -9999 -9999 -9999 -9999 0E0 0E0 0E0 0E0 0E0 0E0 0E0 0E0 0E0 0E0 0E0 0E0 0E0 0E0 0E0 0E0 2.43866E-3 1.82562E-2 3.85814E-2
-9999 -9999 -9999 -9999 -9999 0E0 0E0 0E0 0E0 0E0 0E0 0E0 0E0 0E0 0E0 0E0 0E0 0E0 0E0 0E0 0E0 4.78458E-3 1.39135E-2 2.0442E-2
-9999 -9999 -9999 -9999 -9999 0E0 0E0 0E0 0E0 0E0 0E0 0E0 0E0 0E0 0E0 0E0 0E0 0E0 0E0 0E0 0E0 9.24101E-3 1.5053E-2 1.73298E-2
-9999 -9999 -9999 -9999 -9999 0E0 0E0 0E0 0E0 0E0 0E0 0E0 0E0 0E0 0E0 0E0 0E0 0E0 0E0 0E0 4.76931E-3 1.44424E-2 2.28694E-2 2.31468E-2
-9999 -9999 -9999 -9999 -9999 0E0 0E0 0E0 0E0 0E0 0E0 0E0 0E0 0E0 0E0 0E0 0E0 0E0 0E0 0E0 3.20118E-2 3.7749E-2 4.41762E-2 3.03289E-2
-9999 -9999 -9999 -9999 -9999 0E0 0E0 0E0 0E0 0E0 0E0 0E0 0E0 0E0 0E0 0E0 0E0 0E0 0E0 4.87432E-2 1.04436E-1 1.08882E-1 7.20094E-2 3.53984E-2
-9999 -9999 -9999 -9999 -9999 5.54725E-2 0E0 0E0 0E0 0E0 0E0 0E0 0E0 0E0 0E0 0E0 0E0 3.6899E-3 4.66861E-2 7.36081E-2 9.31927E-2 9.89562E-2 8.60715E-2 7.12288E-2
-9999 -9999 -9999 -9999 -9999 1.69247E-1 9.31968E-2 1.74327E-2 0E0 0E0 0E0 0E0 0E0 0E0 0E0 1.81448E-4 3.23013E-2 5.93055E-2 7.96262E-2 9.01037E-2 9.60565E-2 9.12142E-2 9.99612E-2 1.13999E-1
-9999 -9999 -9999 -9999 -9999 2.23318E-1 2.03911E-1 1.56832E-1 1.21666E-1 8.51247E-2 5.92941E-2 4.03473E-2 3.59167E-2 3.71642E-2 4.81931E-2 6.44537E-2 7.54753E-2 8.97292E-2 9.71034E-2 1.03027E-1 1.04002E-1 1.02292E-1 1.11787E-1 1.18422E-1
-9999 -9999 -9999 -9999 -9999 2.43994E-1 2.25037E-1 2.10885E-1 1.91791E-1 1.80167E-1 1.75948E-1 1.70833E-1 1.46256E-1 1.2228E-1 9.64756E-2 1.01207E-1 9.85158E-2 1.07988E-1 1.08019E-1 1.0634E-1 1.06692E-1 1.04117E-1 9.12737E-2 6.83502E-2
