analysis/maxent/LEH/2015_2/d2c_clamping.asc
ncols         24
nrows         22
xllcorner     -163.028494180372
yllcorner     19.3009582783358
cellsize      0.25
NODATA_value  -9999
-9999 -9999 -9999 -9999 -9999 7.06364E-2 7.54094E-2 3.8062E-2 1.99463E-2 2.89939E-2 3.28623E-2 3.84672E-2 6.2597E-2 8.84478E-2 1.12186E-1 1.39584E-1 1.34586E-1 1.52765E-1 1.22447E-1 1.09428E-1 1.0814E-1 8.76668E-2 9.82243E-2 8.70036E-2
-9999 -9999 -9999 -9999 -9999 3.69567E-2 3.13132E-2 2.18168E-2 8.71753E-3 1.18326E-2 1.58767E-2 2.52203E-2 3.55778E-2 4.93802E-2 5.53046E-2 6.75035E-2 8.24015E-2 1.10204E-1 9.98452E-2 8.71917E-2 7.8848E-2 7.97402E-2 8.60189E-2 8.61405E-2
-9999 -9999 -9999 -9999 -9999 2.11671E-2 1.47132E-2 8.66469E-3 3.10407E-3 0E0 0E0 0E0 0E0 0E0 1.74319E-3 1.96693E-2 3.35544E-2 6.04572E-2 6.02467E-2 6.3648E-2 6.60337E-2 7.18802E-2 7.76321E-2 7.65916E-2
-9999 -9999 -9999 -9999 -9999 8.92388E-3 5.59522E-4 0E0 0E0 0E0 0E0 0E0 0E0 0E0 0E0 0E0 0E0 1.46538E-2 3.49983E-2 5.15845E-2 6.02757E-2 6.4522E-2 6.81603E-2 5.98354E-2
-9999 -9999 -9999 -9999 -9999 0E0 0E0 0E0 0E0 0E0 0E0 0E0 0E0 0E0 0E0 0E0 0E0 0E0 5.96115E-3 2.87577E-2 4.64503E-2 5.68537E-2 6.06896E-2 5.84227E-2
-9999 -9999 -9999 -9999 -9999 0E0 0E0 0E0 0E0 0E0 0E0 0E0 0E0 0E0 0E0 0E0 0E0 0E0 0E0 4.83984E-3 3.00065E-2 4.57704E-2 5.23761E-2 5.17989E-2
-9999 -9999 -9999 -9999 -9999 0E0 0E0 0E0 0E0 0E0 0E0 0E0 0E0 0E0 0E0 0E0 0E0 0E0 0E0 0E0 1.3765E-2 3.46416E-2 4.53347E-2 4.79843E-2
-9999 -9999 -9999 -9999 -9999 0E0 0E0 0E0 0E0 0E0 0E0 0E0 0E0 0E0 0E0 0E0 0E0 0E0 0E0 0E0 0E0 2.84695E-2 4.36557E-2 4.80275E-2
-9999 -9999 -9999 -9999 -9999 0E0 0E0 0E0 0E0 0E0 0E0 0E0 0E0 0E0 0E0 0E0 0E0 0E0 0E0 0E0 0E0 2.93355E-2 6.14727E-2 5.6929E-2
-9999 -9999 -9999 -9999 -9999 0E0 0E0 0E0 0E0 0E0 0E0 0E0 0E0 0E0 0E0 0E0 0E0 0E0 0E0 0E0 0E0 1.35848E-2 7.85489E-2 6.34361E-2
-9999 -9999 -9999 -9999 -9999 0E0 0E0 0E0 0E0 0E0 0E0 0E0 0E0 0E0 0E0 0E0 0E0 0E0 0E0 0E0 0E0 4.20082E-3 3.90078E-2 3.70175E-2
-9999 -9999 -9999 -9999 -9999 0E0 0E0 0E0 0E0 0E0 0E0 0E0 0E0 0E0 0E0 0E0 0E0 0E0 0E0 0E0 0E0 9.89011E-4 2.07035E-2 3.31927E-2
-9999 -9999 -9999 -9999 -9999 0E0 0E0 0E0 0E0 0E0 0E0 0E0 0E0 0E0 0E0 0E0 0E0 0E0 0E0 0E0 0E0 1.33115E-3 1.21448E-2 2.78819E-2
-9999 -9999 -9999 -9999 -9999 0E0 0E0 0E0 0E0 0E0 0E0 0E0 0E0 0E0 0E0 0E0 0E0 0E0 0E0 0E0 0E0 1.73799E-3 6.16145E-3 1.14423E-2
-9999 -9999 -9999 -9999 -9999 0E0 0E0 0E0 0E0 0E0 0E0 0E0 0E0 0E0 0E0 0E0 0E0 0E0 0E0 0E0 0E0 2.19409E-3 4.23547E-3 5.73356E-3
-9999 -9999 -9999 -9999 -9999 0E0 0E0 0E0 0E0 0E0 0E0 0E0 0E0 0E0 0E0 0E0 0E0 0E0 0E0 0E0 9.10491E-4 3.07357E-3 5.0209E-3 5.49829E-3
-9999 -9999 -9999 -9999 -9999 0E0 0E0 0E0 0E0 0E0 0E0 0E0 0E0 0E0 0E0 0E0 0E0 0E0 0E0 4.71383E-5 5.91275E-3 7.66477E-3 9.41093E-3 6.49133E-3
-9999 -9999 -9999 -9999 -9999 0E0 4.22497E-4 6.82839E-4 0E0 0E0 0E0 0E0 0E0 0E0 0E0 0E0 0E0 0E0 0E0 8.65164E-3 2.14922E-2 2.27757E-2 1.47217E-2 7.56544E-3
-9999 -9999 -9999 -9999 -9999 6.5029E-3 9.3055E-4 8.76125E-4 2.43976E-4 0E0 0E0 0E0 0E0 0E0 0E0 0E0 0E0 8.69749E-4 8.01327E-3 1.31506E-2 1.75224E-2 1.94297E-2 1.76083E-2 1.55848E-2
-9999 -9999 -9999 -9999 -9999 1.66911E-2 1.02814E-2 2.19523E-3 0E0 0E0 0E0 0E0 0E0 0E0 0E0 3.32565E-4 5.37655E-3 9.50254E-3 1.33887E-2 1.57558E-2 1.75836E-2 1.73346E-2 2.01791E-2 2.48211E-2
-9999 -9999 -9999 -9999 -9999 2.22147E-2 3.25497E-2 2.52618E-2 1.92624E-2 1.48775E-2 1.09634E-2 7.17985E-3 6.11303E-3 5.92295E-3 7.40296E-3 9.99479E-3 1.17589E-2 1.43242E-2 1.60459E-2 1.78723E-2 1.88878E-2 1.93243E-2 2.22049E-2 2.48481E-2
-9999 -9999 -9999 -9999 -9999 2.11994E-2 1.75826E-2 1.80647E-2 1.6704E-2 1.96478E-2 2.64981E-2 2.94419E-2 2.43341E-2 1.99692E-2 1.52772E-2 1.59397E-2 1.54887E-2 1.74708E-2 1.80443E-2 1.85613E-2 1.95519E-2 1.98245E-2 1.7852E-2 1.39267E-2
