analysis/maxent/LEH/2015_2/envonly.asc
ncols         24
nrows         22
xllcorner     -163.028494180372
yllcorner     19.3009582783358
cellsize      0.25
NODATA_value  -9999
-9999 -9999 -9999 -9999 -9999 4.36725E-1 4.0749E-1 1.42941E-1 6.7026E-2 1.02485E-1 1.27481E-1 1.78966E-1 3.37963E-1 4.84691E-1 5.96151E-1 6.93358E-1 6.41007E-1 6.88747E-1 5.8759E-1 5.33774E-1 5.28101E-1 4.98622E-1 4.94092E-1 5.14968E-1
-9999 -9999 -9999 -9999 -9999 1.72918E-1 1.37539E-1 9.72083E-2 4.63192E-2 6.50164E-2 1.03228E-1 2.2699E-1 3.50134E-1 4.50764E-1 4.44195E-1 4.78042E-1 5.14147E-1 5.91395E-1 5.07362E-1 4.73441E-1 4.85712E-1 4.98845E-1 4.83263E-1 5.08055E-1
-9999 -9999 -9999 -9999 -9999 1.48828E-1 9.68959E-2 8.21598E-2 8.22648E-2 1.11085E-1 1.26819E-1 2.26603E-1 2.96602E-1 2.88972E-1 2.73104E-1 3.64147E-1 3.37112E-1 4.53768E-1 4.16773E-1 4.75935E-1 5.24496E-1 5.15626E-1 5.03301E-1 5.15414E-1
-9999 -9999 -9999 -9999 -9999 1.30233E-1 7.28166E-2 8.05385E-2 1.32305E-1 1.60976E-1 1.97154E-1 2.465E-1 2.74901E-1 2.15989E-1 1.13732E-1 1.20063E-1 1.52531E-1 2.69075E-1 3.35022E-1 4.10725E-1 4.83386E-1 5.27307E-1 5.3504E-1 5.67515E-1
-9999 -9999 -9999 -9999 -9999 1.39674E-1 8.3296E-2 7.92561E-2 2.05666E-1 2.44323E-1 2.48817E-1 2.36932E-1 2.0436E-1 1.7227E-1 1.44591E-1 1.21959E-1 1.30797E-1 2.06653E-1 2.72632E-1 3.4721E-1 4.2761E-1 4.77053E-1 4.82882E-1 4.27974E-1
-9999 -9999 -9999 -9999 -9999 1.63026E-1 1.12669E-1 8.21542E-2 2.36105E-1 2.64384E-1 2.33785E-1 1.82623E-1 1.43069E-1 1.29862E-1 1.37605E-1 1.72021E-1 1.97869E-1 2.13219E-1 2.39281E-1 3.08864E-1 3.60746E-1 4.10197E-1 4.22605E-1 3.84833E-1
-9999 -9999 -9999 -9999 -9999 1.13461E-1 1.62129E-1 8.43822E-2 7.77176E-2 1.20455E-1 1.54177E-1 1.18184E-1 9.57672E-2 1.01505E-1 1.3988E-1 2.28884E-1 3.22063E-1 3.11735E-1 2.0747E-1 2.48177E-1 2.93987E-1 3.4005E-1 3.5639E-1 3.47304E-1
-9999 -9999 -9999 -9999 -9999 1.56307E-1 1.75634E-1 1.38442E-1 1.31101E-1 5.74586E-2 1.08473E-1 9.51895E-2 8.74552E-2 5.28893E-2 8.3595E-2 1.38325E-1 1.54493E-1 3.05768E-1 3.97966E-1 3.61321E-1 3.29392E-1 3.10455E-1 3.22299E-1 3.19694E-1
-9999 -9999 -9999 -9999 -9999 2.19217E-1 1.7072E-1 1.05329E-1 8.67664E-2 5.1913E-2 9.01258E-2 9.88646E-2 5.5649E-2 1.39344E-1 2.83555E-1 2.68846E-1 2.31765E-1 1.88615E-1 3.84523E-1 4.34951E-1 4.77903E-1 4.98097E-1 4.32287E-1 3.199E-1
-9999 -9999 -9999 -9999 -9999 1.18106E-1 9.19803E-2 7.90127E-2 6.33373E-2 4.73317E-2 5.78302E-2 9.68368E-2 2.24614E-1 2.46591E-1 2.32195E-1 2.69422E-1 2.26759E-1 1.81651E-1 3.49567E-1 4.12325E-1 5.06263E-1 5.91161E-1 6.11294E-1 3.66529E-1
-9999 -9999 -9999 -9999 -9999 8.4683E-2 5.93058E-2 4.50529E-2 4.83027E-2 7.31295E-2 1.64809E-1 1.8596E-1 1.52128E-1 6.99027E-2 7.1115E-2 2.1068E-1 2.69321E-1 2.28488E-1 1.61704E-1 2.09712E-1 3.4063E-1 4.7942E-1 3.5339E-1 4.72253E-1
-9999 -9999 -9999 -9999 -9999 6.23183E-2 4.71707E-2 4.55519E-2 6.93259E-2 1.40716E-1 1.58309E-1 9.46889E-2 1.11426E-1 8.04195E-2 9.24225E-2 2.05168E-1 2.288E-1 2.03259E-1 3.2339E-1 4.3273E-1 5.19972E-1 5.96822E-1 5.09547E-1 4.77539E-1
-9999 -9999 -9999 -9999 -9999 4.73206E-2 4.31806E-2 4.81872E-2 1.03089E-1 1.73434E-1 1.85927E-1 1.75101E-1 2.03019E-1 1.96048E-1 2.05175E-1 2.54359E-1 2.53283E-1 1.80882E-1 1.53163E-1 1.46889E-1 1.88553E-1 4.00752E-1 5.34238E-1 5.40841E-1
-9999 -9999 -9999 -9999 -9999 4.0237E-2 4.54201E-2 5.4667E-2 1.10771E-1 2.47686E-1 2.17514E-1 1.62926E-1 1.78803E-1 2.52212E-1 2.58153E-1 1.60979E-1 1.16594E-1 2.42188E-1 1.71245E-1 7.91444E-2 6.23329E-2 1.31656E-1 2.48573E-1 3.80906E-1
-9999 -9999 -9999 -9999 -9999 4.5255E-2 5.32527E-2 5.88817E-2 7.47286E-2 8.72679E-2 9.69009E-2 1.03378E-1 1.00224E-1 1.23193E-1 1.31425E-1 7.53462E-2 1.02535E-1 1.49106E-1 2.23581E-1 1.63383E-1 8.25146E-2 7.42134E-2 6.85282E-2 7.54502E-2
-9999 -9999 -9999 -9999 -9999 6.08981E-2 6.88389E-2 8.0652E-2 9.41306E-2 1.12805E-1 9.5373E-2 1.06311E-1 1.19096E-1 1.07594E-1 7.3403E-2 5.83557E-2 4.8672E-2 6.67285E-2 1.10868E-1 1.78358E-1 1.48087E-1 8.32623E-2 1.30563E-1 9.65404E-2
-9999 -9999 -9999 -9999 -9999 1.24789E-1 1.05737E-1 9.04839E-2 8.08105E-2 6.9313E-2 6.86725E-2 7.58739E-2 8.67101E-2 9.07691E-2 7.01989E-2 6.50256E-2 7.84557E-2 9.3693E-2 7.28377E-2 8.55459E-2 2.63331E-1 2.36751E-1 2.37839E-1 1.55258E-1
-9999 -9999 -9999 -9999 -9999 9.13455E-2 7.12385E-2 6.13038E-2 5.92703E-2 5.98962E-2 6.86158E-2 8.52164E-2 9.82488E-2 9.48512E-2 9.68175E-2 1.0325E-1 1.0596E-1 9.54867E-2 8.62465E-2 9.52396E-2 1.20349E-1 1.05675E-1 2.58762E-1 1.79651E-1
-9999 -9999 -9999 -9999 -9999 9.40729E-2 7.39783E-2 4.96566E-2 5.3422E-2 6.93781E-2 9.69444E-2 9.7463E-2 8.86041E-2 9.01455E-2 9.62693E-2 1.06361E-1 1.16111E-1 1.08835E-1 1.17724E-1 1.27081E-1 1.18169E-1 1.27413E-1 1.84087E-1 2.47491E-1
-9999 -9999 -9999 -9999 -9999 1.24129E-1 9.37616E-2 5.59078E-2 7.35278E-2 9.79245E-2 1.03233E-1 9.55044E-2 8.49382E-2 8.61382E-2 9.62096E-2 1.06945E-1 1.10624E-1 1.21281E-1 1.26291E-1 1.34408E-1 1.39141E-1 1.70124E-1 1.4186E-1 1.02658E-1
-9999 -9999 -9999 -9999 -9999 1.77237E-1 1.9272E-1 1.73827E-1 1.87151E-1 1.80207E-1 1.77319E-1 1.33655E-1 1.0095E-1 7.94451E-2 8.87022E-2 9.64282E-2 1.2143E-1 1.23667E-1 1.29646E-1 1.25225E-1 1.285E-1 1.38631E-1 1.17249E-1 1.04228E-1
-9999 -9999 -9999 -9999 -9999 1.50531E-1 1.40049E-1 1.45954E-1 1.42789E-1 1.58326E-1 1.70261E-1 1.67098E-1 1.32526E-1 9.95589E-2 7.8067E-2 8.5792E-2 1.12988E-1 1.10762E-1 1.20266E-1 1.23479E-1 1.19776E-1 1.2636E-1 1.73142E-1 2.43344E-1
