analysis/maxent/LEH/2015_2/envonly.asc
ncols         24
nrows         22
xllcorner     -163.028494180372
yllcorner     19.3009582783358
cellsize      0.25
NODATA_value  -9999
-9999 -9999 -9999 -9999 -9999 7.24364E-1 7.42529E-1 4.18293E-1 3.99574E-1 6.80201E-1 6.26777E-1 4.63519E-1 4.86207E-1 5.17791E-1 5.44121E-1 5.20479E-1 3.74683E-1 3.65598E-1 2.58011E-1 2.1291E-1 1.98589E-1 1.8532E-1 1.72929E-1 1.93044E-1
-9999 -9999 -9999 -9999 -9999 3.77167E-1 3.94093E-1 5.28521E-1 4.13719E-1 5.55144E-1 5.71567E-1 5.21958E-1 4.79357E-1 5.28738E-1 4.52599E-1 4.04284E-1 3.49924E-1 3.47037E-1 2.407E-1 1.91652E-1 2.04007E-1 2.03379E-1 1.93236E-1 2.23385E-1
-9999 -9999 -9999 -9999 -9999 4.70782E-1 4.21991E-1 5.43152E-1 6.49141E-1 7.78566E-1 6.5295E-1 6.20997E-1 5.3732E-1 4.74746E-1 4.32131E-1 4.95221E-1 3.70951E-1 3.85636E-1 2.43822E-1 2.51265E-1 2.55493E-1 2.36421E-1 2.41015E-1 2.86285E-1
-9999 -9999 -9999 -9999 -9999 4.86136E-1 4.26378E-1 4.94398E-1 7.16168E-1 7.86125E-1 7.79407E-1 7.53978E-1 7.2743E-1 6.64671E-1 4.46113E-1 4.59505E-1 4.43883E-1 3.91305E-1 3.04253E-1 2.59208E-1 2.69952E-1 2.89441E-1 3.125E-1 4.40274E-1
-9999 -9999 -9999 -9999 -9999 6.68095E-1 5.18975E-1 4.10355E-1 7.47778E-1 7.94106E-1 7.88051E-1 7.8316E-1 7.77068E-1 7.73863E-1 7.25391E-1 6.34988E-1 5.58126E-1 4.99451E-1 3.48377E-1 3.09135E-1 2.89975E-1 3.04675E-1 3.33837E-1 3.85649E-1
-9999 -9999 -9999 -9999 -9999 7.34687E-1 6.67348E-1 4.12497E-1 7.70255E-1 7.98906E-1 7.97369E-1 7.91561E-1 7.94348E-1 7.94013E-1 7.88415E-1 7.71799E-1 6.48624E-1 4.51639E-1 3.92882E-1 3.69806E-1 3.15038E-1 3.25391E-1 3.61183E-1 4.05379E-1
-9999 -9999 -9999 -9999 -9999 5.93666E-1 7.74203E-1 5.01092E-1 4.10067E-1 5.8354E-1 7.91489E-1 7.91512E-1 7.96557E-1 7.9547E-1 7.92986E-1 7.88761E-1 7.56257E-1 6.13137E-1 3.51793E-1 3.32488E-1 3.10685E-1 3.28357E-1 3.59046E-1 3.99313E-1
-9999 -9999 -9999 -9999 -9999 6.7099E-1 7.79462E-1 7.29344E-1 7.52698E-1 4.77619E-1 7.90467E-1 7.95141E-1 7.76923E-1 4.3646E-1 4.10856E-1 4.22982E-1 3.846E-1 6.00245E-1 6.76642E-1 5.37197E-1 4.04457E-1 3.11795E-1 3.2046E-1 3.5589E-1
-9999 -9999 -9999 -9999 -9999 7.47937E-1 7.35819E-1 6.42624E-1 6.63358E-1 5.30395E-1 7.1906E-1 7.15256E-1 4.0853E-1 6.52411E-1 7.76869E-1 7.60399E-1 6.20636E-1 4.18299E-1 7.37788E-1 7.05329E-1 6.26838E-1 5.30508E-1 4.04958E-1 3.05141E-1
-9999 -9999 -9999 -9999 -9999 4.75173E-1 4.97548E-1 6.10492E-1 6.17909E-1 4.77384E-1 4.63241E-1 5.53785E-1 7.41948E-1 7.42315E-1 7.35832E-1 7.79718E-1 6.86571E-1 4.93311E-1 7.65277E-1 7.35297E-1 7.23003E-1 6.98255E-1 6.29629E-1 3.23049E-1
-9999 -9999 -9999 -9999 -9999 4.12634E-1 4.07913E-1 4.24155E-1 4.95954E-1 6.26156E-1 7.73334E-1 6.50017E-1 5.76556E-1 4.7721E-1 4.91385E-1 7.22557E-1 7.99883E-1 7.04874E-1 4.11876E-1 3.84861E-1 5.13325E-1 6.14212E-1 3.79033E-1 5.40411E-1
-9999 -9999 -9999 -9999 -9999 4.17302E-1 4.04433E-1 4.49541E-1 6.06018E-1 7.40758E-1 6.43946E-1 5.0395E-1 5.50991E-1 5.26547E-1 5.50928E-1 7.4376E-1 7.74218E-1 7.00572E-1 7.59027E-1 7.84109E-1 7.96205E-1 8.01162E-1 6.92237E-1 6.28509E-1
-9999 -9999 -9999 -9999 -9999 4.18407E-1 4.05292E-1 4.31584E-1 6.6113E-1 6.71036E-1 6.6833E-1 6.63576E-1 7.35637E-1 7.23675E-1 7.2868E-1 8.07667E-1 8.02617E-1 6.89889E-1 6.3674E-1 6.02407E-1 6.12033E-1 7.21306E-1 7.89983E-1 7.53195E-1
-9999 -9999 -9999 -9999 -9999 4.07028E-1 4.09003E-1 4.21936E-1 5.95191E-1 7.93335E-1 7.61386E-1 6.82378E-1 7.12649E-1 8.04314E-1 7.9206E-1 6.2912E-1 4.62895E-1 7.60313E-1 6.47529E-1 5.47359E-1 5.10413E-1 5.67183E-1 6.27447E-1 6.92015E-1
-9999 -9999 -9999 -9999 -9999 4.04382E-1 4.07291E-1 4.07886E-1 4.3777E-1 4.12941E-1 4.17185E-1 4.20329E-1 4.22168E-1 5.30256E-1 6.58778E-1 4.59238E-1 5.99645E-1 7.17388E-1 7.115E-1 6.07115E-1 5.15855E-1 5.20602E-1 5.07502E-1 4.95433E-1
-9999 -9999 -9999 -9999 -9999 4.08733E-1 4.55737E-1 5.26658E-1 6.03086E-1 6.93868E-1 5.82048E-1 5.80466E-1 5.92364E-1 5.57795E-1 4.65771E-1 4.68569E-1 4.16395E-1 5.48255E-1 7.02605E-1 7.40224E-1 5.61153E-1 4.85206E-1 5.52181E-1 5.04871E-1
-9999 -9999 -9999 -9999 -9999 7.08254E-1 6.98771E-1 6.6334E-1 6.31745E-1 5.90592E-1 5.46198E-1 5.09586E-1 4.85609E-1 4.54535E-1 4.09957E-1 4.62032E-1 5.6229E-1 6.57814E-1 4.96097E-1 4.83127E-1 7.87604E-1 7.33437E-1 7.24782E-1 5.63629E-1
-9999 -9999 -9999 -9999 -9999 6.76793E-1 6.38815E-1 6.14156E-1 5.83388E-1 5.47097E-1 4.9567E-1 4.36195E-1 4.20311E-1 4.1786E-1 4.30002E-1 4.84339E-1 5.66603E-1 5.63849E-1 4.62793E-1 4.14257E-1 4.66723E-1 4.208E-1 7.90691E-1 6.43431E-1
-9999 -9999 -9999 -9999 -9999 7.64536E-1 6.92075E-1 5.41446E-1 5.04393E-1 4.96236E-1 4.79324E-1 4.34933E-1 4.21018E-1 4.36329E-1 4.52338E-1 4.75439E-1 5.13401E-1 5.0795E-1 4.99345E-1 5.3226E-1 5.02204E-1 5.42282E-1 7.21273E-1 8.23165E-1
-9999 -9999 -9999 -9999 -9999 7.8751E-1 6.62899E-1 4.14498E-1 4.11241E-1 4.48041E-1 4.96386E-1 4.68982E-1 4.27733E-1 4.43526E-1 4.76376E-1 5.00611E-1 4.92133E-1 5.30021E-1 5.40391E-1 5.77208E-1 5.97669E-1 6.96458E-1 6.11385E-1 4.70275E-1
-9999 -9999 -9999 -9999 -9999 8.14643E-1 7.76191E-1 7.27422E-1 7.96196E-1 7.92605E-1 7.83215E-1 6.59157E-1 5.37448E-1 4.3951E-1 4.73805E-1 4.82185E-1 5.59869E-1 5.46068E-1 5.66742E-1 5.58838E-1 5.77463E-1 6.1109E-1 5.18728E-1 4.60769E-1
-9999 -9999 -9999 -9999 -9999 8.26386E-1 8.30243E-1 8.29406E-1 8.38293E-1 8.42665E-1 8.29195E-1 7.95992E-1 6.93922E-1 5.64349E-1 4.53624E-1 4.57101E-1 5.49966E-1 5.14919E-1 5.49892E-1 5.76749E-1 5.71842E-1 5.9849E-1 7.25445E-1 8.07161E-1
