analysis/maxent/LEH/2015_2/ert.asc
ncols         24
nrows         22
xllcorner     -163.028494180372
yllcorner     19.3009582783358
cellsize      0.25
NODATA_value  -9999
-9999 -9999 -9999 -9999 -9999 -9999 -9999 -9999 -9999 -9999 -9999 -9999 -9999 -9999 -9999 -9999 -9999 -9999 -9999 -9999 -9999 -9999 -9999 -9999
-9999 -9999 -9999 -9999 -9999 -9999 -9999 -9999 -9999 -9999 -9999 -9999 -9999 -9999 -9999 -9999 -9999 -9999 -9999 -9999 -9999 -9999 -9999 -9999
-9999 -9999 -9999 -9999 -9999 -9999 -9999 -9999 3.89016E-1 6.75223E-1 6.68115E-1 6.82069E-1 6.25474E-1 5.74113E-1 5.27877E-1 -9999 -9999 -9999 -9999 -9999 -9999 -9999 -9999 -9999
-9999 -9999 -9999 -9999 -9999 -9999 1.69571E-1 1.9455E-1 3.68058E-1 6.443E-1 7.74042E-1 7.83412E-1 7.85775E-1 7.37843E-1 5.42068E-1 4.98843E-1 4.7554E-1 -9999 -9999 -9999 -9999 -9999 -9999 -9999
-9999 -9999 -9999 -9999 -9999 3.68373E-1 2.17293E-1 1.61401E-1 3.59695E-1 5.90298E-1 7.72198E-1 8.20855E-1 8.37126E-1 8.33468E-1 7.37386E-1 5.76787E-1 5.49837E-1 5.09737E-1 -9999 -9999 -9999 -9999 -9999 -9999
-9999 -9999 -9999 -9999 -9999 5.01283E-1 3.44172E-1 1.82468E-1 3.63827E-1 5.26255E-1 7.30523E-1 8.14822E-1 8.49205E-1 8.7073E-1 8.10581E-1 7.16997E-1 6.07013E-1 4.14019E-1 3.12312E-1 -9999 -9999 -9999 -9999 -9999
-9999 -9999 -9999 -9999 -9999 4.78637E-1 4.89412E-1 2.36654E-1 1.79137E-1 2.88598E-1 6.20035E-1 7.82128E-1 8.42403E-1 8.71759E-1 8.37131E-1 7.84809E-1 6.49282E-1 4.29431E-1 2.10888E-1 1.6087E-1 -9999 -9999 -9999 -9999
-9999 -9999 -9999 -9999 -9999 5.9563E-1 5.58893E-1 4.798E-1 4.43752E-1 2.19756E-1 5.02348E-1 7.27282E-1 7.79178E-1 5.49034E-1 5.58438E-1 5.214E-1 4.04843E-1 4.50893E-1 4.16997E-1 2.67044E-1 2.03843E-1 -9999 -9999 -9999
-9999 -9999 -9999 -9999 -9999 7.39148E-1 6.3955E-1 5.25993E-1 4.6454E-1 2.62241E-1 3.56036E-1 5.47137E-1 4.80773E-1 7.40244E-1 8.47703E-1 8.36645E-1 7.16022E-1 5.19037E-1 7.78876E-1 6.97415E-1 6.47318E-1 4.25317E-1 -9999 -9999
-9999 -9999 -9999 -9999 -9999 5.65407E-1 5.3863E-1 5.45969E-1 4.54708E-1 2.67056E-1 2.32657E-1 4.15439E-1 7.8476E-1 8.0735E-1 8.1079E-1 8.48304E-1 7.76062E-1 5.85577E-1 8.30527E-1 7.8903E-1 7.79542E-1 7.35667E-1 -9999 -9999
-9999 -9999 -9999 -9999 -9999 5.25735E-1 5.01029E-1 4.77897E-1 4.73592E-1 4.88348E-1 5.36775E-1 5.33287E-1 6.66504E-1 5.86483E-1 6.13817E-1 7.92744E-1 8.52618E-1 7.80232E-1 5.29156E-1 4.92112E-1 5.82852E-1 6.5813E-1 4.66313E-1 -9999
-9999 -9999 -9999 -9999 -9999 4.22118E-1 4.97905E-1 5.51534E-1 6.725E-1 7.84329E-1 7.0872E-1 5.66103E-1 5.86739E-1 6.26197E-1 6.53471E-1 7.93964E-1 8.18569E-1 7.68833E-1 8.05509E-1 8.26058E-1 8.36747E-1 8.28505E-1 7.58801E-1 -9999
-9999 -9999 -9999 -9999 -9999 2.93437E-1 3.49143E-1 4.33423E-1 6.28016E-1 5.72499E-1 6.27413E-1 7.30695E-1 7.0441E-1 7.59088E-1 7.53738E-1 8.0076E-1 7.99308E-1 7.36804E-1 7.07886E-1 6.77273E-1 6.87782E-1 7.696E-1 8.18701E-1 -9999
-9999 -9999 -9999 -9999 -9999 2.43804E-1 2.70792E-1 3.13633E-1 4.32169E-1 5.72911E-1 8.12169E-1 6.67148E-1 5.67528E-1 6.44417E-1 6.79467E-1 4.58557E-1 3.43497E-1 6.66302E-1 6.4644E-1 6.39091E-1 6.19183E-1 6.52455E-1 -9999 -9999
-9999 -9999 -9999 -9999 -9999 2.81902E-1 3.28916E-1 3.74033E-1 4.25973E-1 4.77573E-1 4.81066E-1 3.7202E-1 2.92862E-1 3.04333E-1 4.03361E-1 2.45987E-1 2.91022E-1 4.81367E-1 6.07823E-1 6.52452E-1 6.20528E-1 -9999 -9999 -9999
-9999 -9999 -9999 -9999 -9999 3.82135E-1 4.47782E-1 5.38663E-1 6.35739E-1 6.81921E-1 5.17574E-1 4.32728E-1 3.52084E-1 2.64689E-1 1.94585E-1 1.9694E-1 1.93679E-1 3.04766E-1 4.87399E-1 6.56826E-1 6.26018E-1 -9999 -9999 -9999
-9999 -9999 -9999 -9999 -9999 6.74034E-1 6.90142E-1 6.90192E-1 6.40303E-1 5.30654E-1 4.3797E-1 3.70524E-1 2.85211E-1 2.2096E-1 1.72211E-1 1.95867E-1 2.77827E-1 3.88302E-1 3.22114E-1 3.49959E-1 6.80196E-1 -9999 -9999 -9999
-9999 -9999 -9999 -9999 -9999 6.89599E-1 6.62396E-1 6.24078E-1 5.41838E-1 4.68655E-1 4.15864E-1 3.43801E-1 2.83818E-1 2.42325E-1 2.16284E-1 2.166E-1 2.92506E-1 3.31222E-1 3.12086E-1 3.06023E-1 -9999 -9999 -9999 -9999
-9999 -9999 -9999 -9999 -9999 -9999 6.74474E-1 5.23339E-1 4.56128E-1 4.4553E-1 4.2643E-1 3.6871E-1 3.29384E-1 2.94901E-1 2.68534E-1 2.43559E-1 2.65768E-1 3.08053E-1 3.5048E-1 -9999 -9999 -9999 -9999 -9999
-9999 -9999 -9999 -9999 -9999 -9999 -9999 4.41102E-1 4.14564E-1 4.32851E-1 4.58503E-1 4.2185E-1 3.77172E-1 3.441E-1 3.16305E-1 2.88232E-1 2.59865E-1 3.27202E-1 -9999 -9999 -9999 -9999 -9999 -9999
-9999 -9999 -9999 -9999 -9999 -9999 -9999 -9999 -9999 7.24641E-1 7.03283E-1 5.92684E-1 4.76588E-1 3.73199E-1 3.36471E-1 2.94748E-1 -9999 -9999 -9999 -9999 -9999 -9999 -9999 -9999
-9999 -9999 -9999 -9999 -9999 -9999 -9999 -9999 -9999 -9999 7.92179E-1 7.27473E-1 6.17596E-1 4.68394E-1 -9999 -9999 -9999 -9999 -9999 -9999 -9999 -9999 -9999 -9999
