analysis/maxent/LEH/2015_2/ert.asc
ncols         24
nrows         22
xllcorner     -163.028494180372
yllcorner     19.3009582783358
cellsize      0.25
NODATA_value  -9999
-9999 -9999 -9999 -9999 -9999 -9999 -9999 -9999 -9999 -9999 -9999 -9999 -9999 -9999 -9999 -9999 -9999 -9999 -9999 -9999 -9999 -9999 -9999 -9999
-9999 -9999 -9999 -9999 -9999 -9999 -9999 -9999 -9999 -9999 -9999 -9999 -9999 -9999 -9999 -9999 -9999 -9999 -9999 -9999 -9999 -9999 -9999 -9999
-9999 -9999 -9999 -9999 -9999 -9999 -9999 -9999 1.49531E-1 1.72284E-1 2.10203E-1 3.26189E-1 3.85363E-1 3.77048E-1 3.65061E-1 -9999 -9999 -9999 -9999 -9999 -9999 -9999 -9999 -9999
-9999 -9999 -9999 -9999 -9999 -9999 1.08701E-1 1.40045E-1 2.07921E-1 2.11837E-1 2.50312E-1 3.40088E-1 3.70814E-1 3.1196E-1 1.92298E-1 2.0265E-1 2.43101E-1 -9999 -9999 -9999 -9999 -9999 -9999 -9999
-9999 -9999 -9999 -9999 -9999 1.13126E-1 9.77513E-2 1.22365E-1 2.72765E-1 2.61826E-1 2.73179E-1 2.66747E-1 2.51115E-1 2.26242E-1 2.22702E-1 2.01803E-1 2.16618E-1 3.03267E-1 -9999 -9999 -9999 -9999 -9999 -9999
-9999 -9999 -9999 -9999 -9999 8.03215E-2 8.992E-2 1.11008E-1 2.62118E-1 2.23063E-1 2.09849E-1 1.85614E-1 1.41573E-1 1.29052E-1 1.58846E-1 2.30942E-1 2.8781E-1 2.93634E-1 2.67623E-1 -9999 -9999 -9999 -9999 -9999
-9999 -9999 -9999 -9999 -9999 5.11101E-2 7.93545E-2 7.27457E-2 9.22849E-2 1.52864E-1 1.52985E-1 1.188E-1 8.81971E-2 9.14523E-2 1.29117E-1 2.23913E-1 3.73059E-1 3.96881E-1 2.70779E-1 3.10535E-1 -9999 -9999 -9999 -9999
-9999 -9999 -9999 -9999 -9999 6.56728E-2 7.30045E-2 5.31906E-2 6.38713E-2 8.71957E-2 1.54575E-1 1.2586E-1 1.45702E-1 9.85106E-2 1.11604E-1 1.60024E-1 2.02143E-1 3.83742E-1 4.77395E-1 4.46015E-1 4.1566E-1 -9999 -9999 -9999
-9999 -9999 -9999 -9999 -9999 9.83726E-2 8.27483E-2 4.97488E-2 5.63722E-2 1.00497E-1 2.58544E-1 2.75201E-1 1.52314E-1 1.64482E-1 1.55073E-1 1.23379E-1 1.58406E-1 2.50798E-1 3.67671E-1 4.89656E-1 5.47101E-1 5.60481E-1 -9999 -9999
-9999 -9999 -9999 -9999 -9999 1.02513E-1 1.00537E-1 9.23454E-2 1.01729E-1 1.42828E-1 2.26758E-1 3.0004E-1 3.3731E-1 2.14037E-1 1.36786E-1 1.22057E-1 1.27213E-1 2.26812E-1 2.91313E-1 3.89415E-1 4.30609E-1 5.29013E-1 -9999 -9999
-9999 -9999 -9999 -9999 -9999 1.1196E-1 1.06874E-1 1.0615E-1 1.35227E-1 2.14857E-1 3.59664E-1 4.33301E-1 3.14671E-1 1.29841E-1 6.77035E-2 9.23348E-2 1.03718E-1 1.36997E-1 1.82717E-1 2.48242E-1 3.87271E-1 5.07976E-1 3.95829E-1 -9999
-9999 -9999 -9999 -9999 -9999 9.64181E-2 9.78504E-2 1.09118E-1 1.577E-1 2.3302E-1 3.29097E-1 3.51385E-1 2.79112E-1 1.63593E-1 8.52641E-2 9.43821E-2 8.048E-2 6.84007E-2 1.17923E-1 1.62279E-1 2.03114E-1 2.68498E-1 2.92584E-1 -9999
-9999 -9999 -9999 -9999 -9999 7.13584E-2 8.2985E-2 1.03463E-1 1.64188E-1 2.09417E-1 2.81314E-1 2.96059E-1 3.12411E-1 2.10228E-1 1.41823E-1 1.25443E-1 9.08073E-2 5.03652E-2 5.13954E-2 6.29164E-2 8.08485E-2 1.36899E-1 2.07408E-1 -9999
-9999 -9999 -9999 -9999 -9999 5.41644E-2 7.46107E-2 1.00612E-1 1.6529E-1 2.52677E-1 2.94629E-1 3.11091E-1 2.88316E-1 2.24111E-1 1.53955E-1 1.20256E-1 9.54176E-2 6.01014E-2 5.07855E-2 3.6209E-2 4.1669E-2 6.24959E-2 -9999 -9999
-9999 -9999 -9999 -9999 -9999 5.3268E-2 7.32494E-2 9.64952E-2 1.31018E-1 1.9096E-1 2.16594E-1 2.32197E-1 2.02588E-1 1.66326E-1 1.10533E-1 7.70373E-2 9.93571E-2 6.39803E-2 7.03072E-2 5.28982E-2 3.8095E-2 -9999 -9999 -9999
-9999 -9999 -9999 -9999 -9999 7.10213E-2 8.43581E-2 1.13647E-1 1.50951E-1 1.89169E-1 1.66513E-1 1.75071E-1 1.82466E-1 1.58179E-1 1.03309E-1 7.29062E-2 5.14053E-2 5.31302E-2 6.06158E-2 6.60474E-2 5.01256E-2 -9999 -9999 -9999
-9999 -9999 -9999 -9999 -9999 1.52022E-1 1.26762E-1 1.06093E-1 1.04901E-1 9.57833E-2 9.21863E-2 9.65556E-2 1.03621E-1 9.99478E-2 7.33495E-2 5.81816E-2 6.11024E-2 5.87043E-2 6.70896E-2 8.03795E-2 9.3036E-2 -9999 -9999 -9999
-9999 -9999 -9999 -9999 -9999 1.21775E-1 9.5839E-2 7.50055E-2 6.57349E-2 6.4347E-2 6.54327E-2 7.99765E-2 8.70047E-2 7.53383E-2 8.81696E-2 8.47248E-2 7.60433E-2 7.13959E-2 8.19244E-2 1.03732E-1 -9999 -9999 -9999 -9999
-9999 -9999 -9999 -9999 -9999 -9999 9.90764E-2 6.50879E-2 5.52459E-2 5.94932E-2 7.11646E-2 7.18067E-2 7.48377E-2 7.51452E-2 8.53989E-2 9.23613E-2 8.90439E-2 8.77538E-2 9.56952E-2 -9999 -9999 -9999 -9999 -9999
-9999 -9999 -9999 -9999 -9999 -9999 -9999 6.53514E-2 6.79877E-2 7.16261E-2 4.04348E-2 5.27828E-2 7.4455E-2 7.80588E-2 8.39322E-2 8.98521E-2 9.1698E-2 9.0898E-2 -9999 -9999 -9999 -9999 -9999 -9999
-9999 -9999 -9999 -9999 -9999 -9999 -9999 -9999 -9999 1.27592E-1 4.06082E-2 8.93704E-2 9.34537E-2 7.99405E-2 8.0599E-2 8.69644E-2 -9999 -9999 -9999 -9999 -9999 -9999 -9999 -9999
-9999 -9999 -9999 -9999 -9999 -9999 -9999 -9999 -9999 -9999 3.3651E-2 1.09641E-1 1.17751E-1 1.04349E-1 -9999 -9999 -9999 -9999 -9999 -9999 -9999 -9999 -9999 -9999
