analysis/maxent/LEH/2015_2/ert.asc
ncols         24
nrows         22
xllcorner     -163.028494180372
yllcorner     19.3009582783358
cellsize      0.25
NODATA_value  -9999
-9999 -9999 -9999 -9999 -9999 -9999 -9999 -9999 -9999 -9999 -9999 -9999 -9999 -9999 -9999 -9999 -9999 -9999 -9999 -9999 -9999 -9999 -9999 -9999
-9999 -9999 -9999 -9999 -9999 -9999 -9999 -9999 -9999 -9999 -9999 -9999 -9999 -9999 -9999 -9999 -9999 -9999 -9999 -9999 -9999 -9999 -9999 -9999
-9999 -9999 -9999 -9999 -9999 -9999 -9999 -9999 1.35392E-2 1.13727E-2 1.34934E-2 1.90018E-2 3.0081E-2 4.35378E-2 4.90622E-2 -9999 -9999 -9999 -9999 -9999 -9999 -9999 -9999 -9999
-9999 -9999 -9999 -9999 -9999 -9999 9.28488E-3 1.84925E-2 3.38822E-2 3.957E-2 5.53658E-2 9.52343E-2 1.18804E-1 9.41295E-2 5.47817E-2 5.89163E-2 7.39525E-2 -9999 -9999 -9999 -9999 -9999 -9999 -9999
-9999 -9999 -9999 -9999 -9999 6.43415E-3 1.24881E-2 5.24424E-2 1.4006E-1 1.37351E-1 1.45101E-1 1.42317E-1 1.33691E-1 1.18465E-1 1.14194E-1 9.90193E-2 9.84399E-2 5.50174E-2 -9999 -9999 -9999 -9999 -9999 -9999
-9999 -9999 -9999 -9999 -9999 8.61441E-3 3.78521E-2 6.35011E-2 1.87044E-1 1.68964E-1 1.60806E-1 1.40141E-1 1.06797E-1 9.74468E-2 1.10289E-1 1.42333E-1 1.52388E-1 1.20041E-1 3.53544E-2 -9999 -9999 -9999 -9999 -9999
-9999 -9999 -9999 -9999 -9999 1.41211E-2 4.2115E-2 5.88034E-2 8.63289E-2 1.51337E-1 1.57286E-1 1.25421E-1 9.61429E-2 1.021E-1 1.36242E-1 1.75182E-1 2.31655E-1 2.09359E-1 6.49337E-2 1.72915E-2 -9999 -9999 -9999 -9999
-9999 -9999 -9999 -9999 -9999 3.21298E-2 4.88744E-2 4.7379E-2 6.08316E-2 8.76832E-2 1.64029E-1 1.404E-1 1.69889E-1 1.19275E-1 1.34679E-1 1.592E-1 1.39682E-1 2.23185E-1 2.1668E-1 4.4988E-2 1.47248E-2 -9999 -9999 -9999
-9999 -9999 -9999 -9999 -9999 6.50605E-2 6.70634E-2 4.2314E-2 5.0175E-2 9.4534E-2 2.56934E-1 2.87348E-1 1.67325E-1 1.87008E-1 1.79821E-1 1.38116E-1 1.33704E-1 1.6105E-1 2.03384E-1 1.50493E-1 6.89809E-2 4.08056E-2 -9999 -9999
-9999 -9999 -9999 -9999 -9999 8.04057E-2 8.13638E-2 7.70424E-2 8.85988E-2 1.29627E-1 2.18357E-1 3.06304E-1 3.62183E-1 2.42747E-1 1.58544E-1 1.41743E-1 1.34446E-1 1.73043E-1 1.7492E-1 1.91001E-1 6.4736E-2 5.90882E-2 -9999 -9999
-9999 -9999 -9999 -9999 -9999 8.73122E-2 8.49095E-2 8.70058E-2 1.15538E-1 1.94504E-1 3.47696E-1 4.50046E-1 3.40987E-1 1.53493E-1 8.04618E-2 1.12043E-1 1.18859E-1 1.05887E-1 1.10964E-1 1.14556E-1 4.21776E-2 3.92651E-2 3.35369E-2 -9999
-9999 -9999 -9999 -9999 -9999 7.30997E-2 7.49475E-2 8.57216E-2 1.26795E-1 1.96147E-1 2.9161E-1 3.0575E-1 2.69426E-1 1.62223E-1 8.94785E-2 1.06589E-1 9.04296E-2 5.99275E-2 7.67013E-2 8.72163E-2 2.80834E-2 1.61328E-2 1.84849E-2 -9999
-9999 -9999 -9999 -9999 -9999 5.38906E-2 6.3359E-2 8.01622E-2 1.32067E-1 1.70517E-1 2.40833E-1 2.6598E-1 2.95103E-1 2.09295E-1 1.49015E-1 1.37318E-1 1.00669E-1 5.07519E-2 3.60948E-2 3.37932E-2 1.24005E-2 1.50276E-2 1.68947E-2 -9999
-9999 -9999 -9999 -9999 -9999 4.09999E-2 5.68841E-2 7.79886E-2 1.32582E-1 2.08612E-1 2.58209E-1 2.89985E-1 2.83462E-1 2.31652E-1 1.66215E-1 1.33202E-1 1.04872E-1 6.37278E-2 3.39083E-2 1.61798E-2 6.02856E-3 6.23826E-3 -9999 -9999
-9999 -9999 -9999 -9999 -9999 3.94378E-2 5.51728E-2 7.3737E-2 1.01897E-1 1.55636E-1 1.86848E-1 2.11068E-1 1.9266E-1 1.63897E-1 1.13111E-1 8.0398E-2 1.04222E-1 5.13709E-2 4.00464E-2 6.87435E-3 1.76564E-3 -9999 -9999 -9999
-9999 -9999 -9999 -9999 -9999 4.50505E-2 6.17689E-2 8.60608E-2 1.17735E-1 1.54547E-1 1.42031E-1 1.56119E-1 1.68835E-1 1.50664E-1 1.00332E-1 6.92836E-2 4.28028E-2 3.51905E-2 1.89664E-2 4.32766E-3 2.3273E-3 -9999 -9999 -9999
-9999 -9999 -9999 -9999 -9999 4.52183E-2 7.86692E-2 8.11961E-2 8.34236E-2 7.96128E-2 8.01754E-2 8.66795E-2 9.50781E-2 9.50907E-2 6.98996E-2 4.88481E-2 3.96543E-2 2.61248E-2 7.1799E-3 6.13539E-3 6.674E-3 -9999 -9999 -9999
-9999 -9999 -9999 -9999 -9999 1.42288E-2 4.08296E-2 5.10661E-2 5.31723E-2 5.48831E-2 6.1153E-2 6.9894E-2 7.50768E-2 7.20546E-2 6.6294E-2 5.7635E-2 3.85494E-2 1.19847E-2 5.32603E-3 8.10946E-3 -9999 -9999 -9999 -9999
-9999 -9999 -9999 -9999 -9999 -9999 2.79092E-2 2.61861E-2 3.37693E-2 4.39805E-2 5.81657E-2 5.63464E-2 4.93529E-2 4.54945E-2 4.29718E-2 3.92195E-2 2.24264E-2 1.30843E-2 6.31112E-3 -9999 -9999 -9999 -9999 -9999
-9999 -9999 -9999 -9999 -9999 -9999 -9999 2.64996E-2 1.28412E-2 6.96718E-3 7.41203E-3 6.64817E-3 5.70298E-3 5.40358E-3 6.7113E-3 1.24072E-2 2.32422E-2 1.36023E-2 -9999 -9999 -9999 -9999 -9999 -9999
-9999 -9999 -9999 -9999 -9999 -9999 -9999 -9999 -9999 6.43897E-3 6.03696E-3 3.33365E-3 3.35725E-3 2.57332E-3 6.52369E-3 1.21332E-2 -9999 -9999 -9999 -9999 -9999 -9999 -9999 -9999
-9999 -9999 -9999 -9999 -9999 -9999 -9999 -9999 -9999 -9999 5.01299E-3 4.16763E-3 4.34054E-3 3.45705E-3 -9999 -9999 -9999 -9999 -9999 -9999 -9999 -9999 -9999 -9999
